ecodrive file for LASUB3 network
1606     2 
1	1	10000	1	108	3	385	1	1	1	1	1	1	200
2	2	10000	1	84	1	382	1	1	1	1	1	2	200
3	3	10000	1	136	3	324	1	1	1	1	1	3	200
4	7	10000	1	58	3	203	1	1	1	1	1	7	200
5	9	10000	1	110	1	389	1	1	1	1	1	9	200
6	11	10000	1	85	1	384	1	1	1	1	1	11	200
7	19	10000	1	147	1	218	1	1	1	1	1	19	200
8	20	10000	1	138	1	50	1	1	1	1	1	20	200
9	24	10000	1	161	3	309	1	1	1	1	1	24	200
10	28	10000	1	161	1	404	1	1	1	1	1	28	200
11	29	10000	1	228	2	378	1	1	1	1	1	29	200
12	32	10000	1	209	1	366	1	1	1	1	1	32	200
13	33	10000	1	130	2	218	1	1	1	1	1	33	200
14	35	10000	1	140	3	50	1	1	1	1	1	35	200
15	40	10000	1	195	3	246	1	1	1	1	1	40	200
16	43	10000	1	257	1	205	1	1	1	1	1	43	200
17	44	10000	1	244	1	97	1	1	1	1	1	44	200
18	52	10000	1	265	1	176	1	1	1	1	1	52	200
19	53	10000	1	251	1	119	1	1	1	1	1	53	200
20	56	10000	1	209	2	118	1	1	1	1	1	56	200
21	58	10000	1	131	2	56	1	1	1	1	1	58	200
22	59	10000	1	130	1	206	1	1	1	1	1	59	200
23	61	10000	1	112	3	205	1	1	1	1	1	61	200
24	64	10000	1	78	3	201	1	1	1	1	1	64	200
25	69	10000	1	215	1	105	1	1	1	1	1	68	200
26	79	10000	1	244	2	341	1	1	1	1	1	78	200
27	83	10000	1	188	3	126	1	1	1	1	1	82	200
28	85	10000	1	256	2	200	1	1	1	1	1	84	200
29	97	10000	1	256	1	465	1	1	1	1	1	96	200
30	98	10000	1	201	1	89	1	1	1	1	1	97	200
31	101	10000	1	188	1	262	1	1	1	1	1	100	200
32	105	10000	1	287	1	285	1	1	1	1	1	104	200
33	108	10000	1	144	2	154	1	1	1	1	1	107	200
34	111	10000	1	287	3	344	1	1	1	1	1	110	200
35	115	10000	1	114	1	235	1	1	1	1	1	114	200
36	116	10000	1	111	2	228	1	1	1	1	1	115	200
37	118	10000	1	143	3	247	1	1	1	1	1	117	200
38	125	10000	1	113	1	472	1	1	1	1	1	124	200
39	131	10000	1	221	3	350	1	1	1	1	1	130	200
40	132	10000	1	165	1	265	1	1	1	1	1	131	200
41	135	10000	1	178	1	451	1	1	1	1	1	134	200
42	136	10000	1	145	3	326	1	1	1	1	1	135	200
43	137	10000	1	129	1	271	1	1	1	1	1	136	200
44	138	10000	1	323	1	231	1	1	1	1	1	137	200
45	140	10000	1	169	3	144	1	1	1	1	1	139	200
46	141	10000	1	323	3	304	1	1	1	1	1	140	200
47	156	10000	1	145	1	476	1	1	1	1	1	155	200
48	163	10000	1	295	1	262	1	1	1	1	1	162	200
49	165	10000	1	356	1	250	1	1	1	1	1	164	200
50	166	10000	1	306	1	133	1	1	1	1	1	165	200
51	167	10000	1	253	1	448	1	1	1	1	1	166	200
52	168	10000	1	356	2	290	1	1	1	1	1	167	200
53	170	10000	1	286	1	392	1	1	1	1	1	169	200
54	173	10000	1	333	2	231	1	1	1	1	1	172	200
55	176	10000	1	324	1	596	1	1	1	1	1	175	200
56	177	10000	1	333	1	602	1	1	1	1	1	176	200
57	178	10000	1	352	1	579	1	1	1	1	1	177	200
58	179	10000	1	208	2	143	1	1	1	1	1	178	200
59	181	10000	1	266	1	98	1	1	1	1	1	180	200
60	183	10000	1	277	2	127	1	1	1	1	1	182	200
61	184	10000	1	273	1	50	1	1	1	1	1	183	200
62	185	10000	1	388	3	286	1	1	1	1	1	184	200
63	186	10000	1	415	1	421	1	1	1	1	1	185	200
64	189	10000	1	413	1	319	1	1	1	1	1	188	200
65	190	10000	1	384	2	154	1	1	1	1	1	189	200
66	192	10000	1	443	1	160	1	1	1	1	1	191	200
67	193	10000	1	387	1	1853	1	1	1	1	1	192	200
68	200	10000	1	325	1	284	1	1	1	1	1	199	200
69	201	10000	1	325	2	1379	1	1	1	1	1	200	200
70	202	10000	1	414	1	250	1	1	1	1	1	201	200
71	204	10000	1	417	1	212	1	1	1	1	1	203	200
72	218	10000	1	401	1	304	1	1	1	1	1	217	200
73	222	10000	1	390	1	204	1	1	1	1	1	221	200
74	227	10000	1	341	1	387	1	1	1	1	1	226	200
75	231	10000	1	399	3	187	1	1	1	1	1	230	200
76	232	10000	1	459	5	246	1	1	1	1	1	231	200
77	234	10000	1	417	2	50	1	1	1	1	1	233	200
78	236	10000	1	411	2	736	1	1	1	1	1	235	200
79	237	10000	1	414	2	121	1	1	1	1	1	236	200
80	238	10000	1	459	3	179	1	1	1	1	1	237	200
81	239	10000	1	433	3	547	1	1	1	1	1	238	200
82	240	10000	1	433	1	314	1	1	1	1	1	239	200
83	241	10000	1	372	3	2023	1	1	1	1	1	240	200
84	242	10000	1	341	3	1219	1	1	1	1	1	241	200
85	248	10000	1	400	1	136	1	1	1	1	1	247	200
86	249	10000	1	398	2	50	1	1	1	1	1	248	200
87	251	10000	1	394	2	446	1	1	1	1	1	250	200
88	254	10000	1	397	2	946	1	1	1	1	1	253	200
89	257	10000	1	371	2	87	1	1	1	1	1	256	200
90	259	10000	1	400	3	57	1	1	1	1	1	258	200
91	261	10000	1	319	1	405	1	1	1	1	1	260	200
92	263	10000	1	423	1	300	1	1	1	1	1	262	200
93	266	10000	1	425	1	261	1	1	1	1	1	265	200
94	268	10000	1	383	1	224	1	1	1	1	1	267	200
95	271	10000	1	369	1	339	1	1	1	1	1	270	200
96	283	10000	1	403	1	207	1	1	1	1	1	282	200
97	285	10000	1	408	1	254	1	1	1	1	1	284	200
98	291	10000	1	367	3	193	1	1	1	1	1	290	200
99	292	10000	1	336	1	241	1	1	1	1	1	291	200
100	295	10000	1	348	1	207	1	1	1	1	1	294	200
101	296	10000	1	365	1	375	1	1	1	1	1	295	200
102	303	10000	1	436	1	349	1	1	1	1	1	302	200
103	304	10000	1	425	2	119	1	1	1	1	1	303	200
104	309	10000	1	386	3	223	1	1	1	1	1	308	200
105	312	10000	1	383	2	79	1	1	1	1	1	311	200
106	313	10000	1	386	4	132	1	1	1	1	1	312	200
107	315	10000	1	373	1	290	1	1	1	1	1	314	200
108	317	10000	1	373	3	1126	1	1	1	1	1	316	200
109	318	10000	1	393	3	834	1	1	1	1	1	317	200
110	319	10000	1	378	1	300	1	1	1	1	1	318	200
111	320	10000	1	366	3	343	1	1	1	1	1	319	200
112	323	10000	1	437	3	67	1	1	1	1	1	322	200
113	324	10000	1	342	3	211	1	1	1	1	1	323	200
114	325	10000	1	366	1	234	1	1	1	1	1	324	200
115	326	10000	1	358	3	97	1	1	1	1	1	325	200
116	332	10000	1	364	1	235	1	1	1	1	1	331	200
117	336	10000	1	351	2	255	1	1	1	1	1	335	200
118	338	10000	1	348	2	110	1	1	1	1	1	337	200
119	342	10000	1	396	3	124	1	1	1	1	1	341	200
120	345	10000	1	363	2	568	1	1	1	1	1	344	200
121	346	10000	1	345	1	284	1	1	1	1	1	345	200
122	347	10000	1	418	3	825	1	1	1	1	1	346	200
123	351	10000	1	334	1	170	1	1	1	1	1	350	200
124	352	10000	1	350	2	50	1	1	1	1	1	351	200
125	353	10000	1	441	2	197	1	1	1	1	1	352	200
126	355	10000	1	364	3	393	1	1	1	1	1	354	200
127	356	10000	1	391	2	540	1	1	1	1	1	355	200
128	358	10000	1	408	2	72	1	1	1	1	1	357	200
129	360	10000	1	408	2	110	1	1	1	1	1	359	200
130	361	10000	1	354	3	149	1	1	1	1	1	360	200
131	362	10000	1	428	3	100	1	1	1	1	1	361	200
132	363	10000	1	418	1	102	1	1	1	1	1	362	200
133	364	10000	1	405	2	50	1	1	1	1	1	363	200
134	367	10000	1	362	3	70	1	1	1	1	1	366	200
135	371	10000	1	355	3	70	1	1	1	1	1	370	200
136	374	10000	1	374	3	124	1	1	1	1	1	373	200
137	375	10000	1	369	2	71	1	1	1	1	1	374	200
138	376	10000	1	344	1	136	1	1	1	1	1	375	200
139	378	10000	1	430	2	119	1	1	1	1	1	377	200
140	381	10000	1	362	1	241	1	1	1	1	1	380	200
141	382	10000	1	375	1	247	1	1	1	1	1	381	200
142	384	10000	1	355	1	219	1	1	1	1	1	383	200
143	386	10000	1	434	2	303	1	1	1	1	1	385	200
144	391	10000	1	379	2	330	1	1	1	1	1	390	200
145	397	10000	1	440	2	1260	1	1	1	1	1	396	200
146	421	10000	1	451	3	136	1	1	1	1	1	420	200
147	423	10000	1	452	1	296	1	1	1	1	1	422	200
148	426	10000	1	431	2	800	1	1	1	1	1	424	200
149	428	10000	1	448	3	3256	1	1	1	1	1	426	200
150	429	10000	1	454	2	224	1	1	1	1	1	427	200
151	430	10000	1	455	2	422	1	1	1	1	1	428	200
152	431	10000	1	453	3	671	1	1	1	1	1	429	200
153	440	10000	1	35	1	233	1	1	1	1	1	438	200
154	444	10000	1	42	1	407	1	1	1	1	1	442	200
155	446	10000	1	261	1	491	1	1	1	1	1	444	200
156	447	10000	1	183	1	522	1	1	1	1	1	445	200
157	453	10000	1	177	1	50	1	1	1	1	1	451	200
158	461	10000	1	162	1	640	1	1	1	1	1	459	200
159	462	10000	1	167	1	350	1	1	1	1	1	460	200
160	466	10000	1	175	3	620	1	1	1	1	1	464	200
161	470	10000	1	162	3	792	1	1	1	1	1	468	200
162	472	10000	1	175	1	639	1	1	1	1	1	470	200
163	473	10000	1	180	1	152	1	1	1	1	1	471	200
164	475	10000	1	241	2	176	1	1	1	1	1	473	200
165	476	10000	1	177	2	87	1	1	1	1	1	474	200
166	479	10000	1	180	3	154	1	1	1	1	1	477	200
167	483	10000	1	312	1	783	1	1	1	1	1	481	200
168	485	10000	1	268	3	1320	1	1	1	1	1	483	200
169	491	10000	1	118	1	149	1	1	1	1	1	489	200
170	495	10000	1	92	1	547	1	1	1	1	1	493	200
171	496	10000	1	96	2	67	1	1	1	1	1	494	200
172	497	10000	1	93	1	404	1	1	1	1	1	495	200
173	498	10000	1	119	2	403	1	1	1	1	1	496	200
174	499	10000	1	117	3	215	1	1	1	1	1	497	200
175	500	10000	1	118	3	503	1	1	1	1	1	498	200
176	503	10000	1	67	1	370	1	1	1	1	1	501	200
177	518	10000	1	10	3	118	1	1	1	1	1	516	200
178	520	10000	1	17	3	339	1	1	1	1	1	518	200
179	521	10000	1	90	3	688	1	1	1	1	1	519	200
180	522	10000	1	50	2	445	1	1	1	1	1	520	200
181	523	10000	1	76	1	522	1	1	1	1	1	521	200
182	525	10000	1	49	1	206	1	1	1	1	1	523	200
183	526	10000	1	49	3	358	1	1	1	1	1	524	200
184	527	10000	1	13	3	515	1	1	1	1	1	525	200
185	528	10000	1	51	3	358	1	1	1	1	1	526	200
186	529	10000	1	40	1	555	1	1	1	1	1	527	200
187	530	10000	1	39	1	481	1	1	1	1	1	528	200
188	532	10000	1	76	3	566	1	1	1	1	1	530	200
189	533	10000	1	34	1	231	1	1	1	1	1	531	200
190	534	10000	1	52	1	230	1	1	1	1	1	532	200
191	535	10000	1	34	1	407	1	1	1	1	1	533	200
192	536	10000	1	73	1	132	1	1	1	1	1	534	200
193	537	10000	1	73	3	656	1	1	1	1	1	535	200
194	538	10000	1	75	3	150	1	1	1	1	1	536	200
195	539	10000	1	87	1	236	1	1	1	1	1	537	200
196	540	10000	1	79	1	467	1	1	1	1	1	538	200
197	547	10000	1	72	1	126	1	1	1	1	1	545	200
198	548	10000	1	45	1	334	1	1	1	1	1	546	200
199	549	10000	1	45	3	357	1	1	1	1	1	547	200
200	550	10000	1	70	1	469	1	1	1	1	1	548	200
201	551	10000	1	46	3	54	1	1	1	1	1	549	200
202	553	10000	1	70	3	324	1	1	1	1	1	551	200
203	554	10000	1	38	1	201	1	1	1	1	1	552	200
204	556	10000	1	71	1	182	1	1	1	1	1	554	200
205	559	10000	1	64	3	340	1	1	1	1	1	557	200
206	562	10000	1	37	3	813	1	1	1	1	1	560	200
207	563	10000	1	30	3	810	1	1	1	1	1	561	200
208	565	10000	1	31	3	400	1	1	1	1	1	563	200
209	566	10000	1	10	3	102	1	1	1	1	1	564	200
210	567	10000	1	9	1	688	1	1	1	1	1	565	200
211	568	10000	1	13	1	403	1	1	1	1	1	566	200
212	572	10000	1	328	1	198	1	1	1	1	1	570	200
213	573	10000	1	146	1	127	1	1	1	1	1	571	200
214	579	10000	1	248	1	303	1	1	1	1	1	576	200
215	580	10000	1	91	1	223	1	1	1	1	1	577	200
216	593	10000	1	220	3	113	1	1	1	1	1	590	200
217	595	10000	1	222	1	50	1	1	1	1	1	592	200
218	597	10000	1	202	1	136	1	1	1	1	1	594	200
219	598	10000	1	238	1	244	1	1	1	1	1	595	200
220	601	10000	1	226	3	104	1	1	1	1	1	598	200
221	605	10000	1	191	1	169	1	1	1	1	1	602	200
222	613	10000	1	126	3	1028	1	1	1	1	1	610	200
223	614	10000	1	199	2	173	1	1	1	1	1	611	200
224	617	10000	1	148	2	203	1	1	1	1	1	614	200
225	622	10000	1	157	3	166	1	1	1	1	1	619	200
226	624	10000	1	146	2	323	1	1	1	1	1	621	200
227	626	10000	1	194	3	250	1	1	1	1	1	623	200
228	627	10000	1	458	1	172	1	1	1	1	1	624	200
229	629	10000	1	123	1	772	1	1	1	1	1	626	200
230	630	10000	1	124	3	339	1	1	1	1	1	627	200
231	631	10000	1	124	1	555	1	1	1	1	1	628	200
232	635	10000	1	146	2	265	1	1	1	1	1	632	200
233	637	10000	1	213	3	395	1	1	1	1	1	634	200
234	638	10000	1	204	2	80	1	1	1	1	1	635	200
235	640	10000	1	220	1	178	1	1	1	1	1	637	200
236	653	10000	1	255	3	498	1	1	1	1	1	650	200
237	656	10000	1	302	3	379	1	1	1	1	1	653	200
238	659	10000	1	248	2	115	1	1	1	1	1	656	200
239	660	10000	1	123	3	221	1	1	1	1	1	657	200
240	661	10000	1	127	3	238	1	1	1	1	1	658	200
241	669	10000	1	152	1	677	1	1	1	1	1	666	200
242	671	10000	1	122	3	374	1	1	1	1	1	668	200
243	672	10000	1	172	2	430	1	1	1	1	1	669	200
244	673	10000	1	153	2	227	1	1	1	1	1	670	200
245	675	10000	1	141	1	50	1	1	1	1	1	672	200
246	676	10000	1	157	1	472	1	1	1	1	1	673	200
247	679	10000	1	319	3	192	1	1	1	1	1	676	200
248	684	10000	1	120	3	50	1	1	1	1	1	681	200
249	685	10000	1	94	1	402	1	1	1	1	1	682	200
250	686	10000	1	122	1	50	1	1	1	1	1	683	200
251	687	10000	1	120	1	50	1	1	1	1	1	684	200
252	689	10000	1	128	1	102	1	1	1	1	1	686	200
253	690	10000	1	289	2	215	1	1	1	1	1	687	200
254	693	10000	1	299	3	462	1	1	1	1	1	690	200
255	698	10000	1	99	3	80	1	1	1	1	1	695	200
256	700	10000	1	107	1	347	1	1	1	1	1	697	200
257	702	10000	1	101	1	331	1	1	1	1	1	699	200
258	703	10000	1	90	1	201	1	1	1	1	1	700	200
259	706	10000	1	91	2	106	1	1	1	1	1	703	200
260	708	10000	1	123	3	217	1	1	1	1	1	704	200
261	710	10000	1	97	1	301	1	1	1	1	1	706	200
262	713	10000	1	1	1	498	1	1	1	1	1	709	200
263	717	10000	1	2	1	512	1	1	1	1	1	713	200
264	728	10000	1	53	1	399	1	1	1	1	1	724	200
265	729	10000	1	55	1	99	1	1	1	1	1	725	200
266	731	10000	1	14	3	440	1	1	1	1	1	727	200
267	737	10000	1	19	1	682	1	1	1	1	1	733	200
268	738	10000	1	16	1	212	1	1	1	1	1	734	200
269	739	10000	1	27	3	403	1	1	1	1	1	735	200
270	740	10000	1	23	3	407	1	1	1	1	1	736	200
271	743	10000	1	22	3	309	1	1	1	1	1	739	200
272	744	10000	1	12	3	198	1	1	1	1	1	740	200
273	746	10000	1	22	1	549	1	1	1	1	1	742	200
274	747	10000	1	26	3	789	1	1	1	1	1	743	200
275	751	10000	1	25	2	300	1	1	1	1	1	747	200
276	753	10000	1	62	3	402	1	1	1	1	1	749	200
277	754	10000	1	65	3	200	1	1	1	1	1	750	200
278	755	10000	1	41	3	202	1	1	1	1	1	751	200
279	760	10000	1	8	3	441	1	1	1	1	1	756	200
280	761	10000	1	15	3	342	1	1	1	1	1	757	200
281	762	10000	1	77	1	460	1	1	1	1	1	758	200
282	763	10000	1	66	3	224	1	1	1	1	1	759	200
283	764	10000	1	33	1	191	1	1	1	1	1	760	200
284	765	10000	1	53	3	194	1	1	1	1	1	761	200
285	766	10000	1	56	3	405	1	1	1	1	1	762	200
286	771	10000	1	15	1	457	1	1	1	1	1	767	200
287	774	10000	1	7	1	193	1	1	1	1	1	770	200
288	776	10000	1	6	3	208	1	1	1	1	1	772	200
289	777	10000	1	5	1	809	1	1	1	1	1	773	200
290	779	10000	1	26	1	767	1	1	1	1	1	775	200
291	780	10000	1	15	3	441	1	1	1	1	1	776	200
292	781	10000	1	273	2	91	1	1	1	1	1	777	200
293	782	10000	1	290	2	202	1	1	1	1	1	778	200
294	784	10000	1	249	1	50	1	1	1	1	1	780	200
295	785	10000	1	239	1	91	1	1	1	1	1	781	200
296	786	10000	1	197	2	191	1	1	1	1	1	782	200
297	787	10000	1	246	1	93	1	1	1	1	1	783	200
298	789	10000	1	232	1	206	1	1	1	1	1	785	200
299	790	10000	1	259	1	95	1	1	1	1	1	786	200
300	794	10000	1	219	1	203	1	1	1	1	1	790	200
301	797	10000	1	279	1	382	1	1	1	1	1	793	200
302	803	10000	1	264	1	131	1	1	1	1	1	799	200
303	804	10000	1	262	1	377	1	1	1	1	1	800	200
304	808	10000	1	271	2	50	1	1	1	1	1	804	200
305	811	10000	1	270	1	119	1	1	1	1	1	807	200
306	813	10000	1	271	1	68	1	1	1	1	1	809	200
307	818	10000	1	331	1	174	1	1	1	1	1	814	200
308	821	10000	1	318	1	245	1	1	1	1	1	817	200
309	822	10000	1	303	1	397	1	1	1	1	1	818	200
310	823	10000	1	326	1	132	1	1	1	1	1	819	200
311	824	10000	1	329	1	192	1	1	1	1	1	820	200
312	826	10000	1	313	1	174	1	1	1	1	1	822	200
313	827	10000	1	311	1	135	1	1	1	1	1	823	200
314	832	10000	1	276	1	254	1	1	1	1	1	828	200
315	833	10000	1	285	1	122	1	1	1	1	1	829	200
316	836	10000	1	316	1	544	1	1	1	1	1	832	200
317	837	10000	1	292	3	105	1	1	1	1	1	833	200
318	839	10000	1	293	1	252	1	1	1	1	1	835	200
319	840	10000	1	281	1	129	1	1	1	1	1	836	200
320	842	10000	1	235	1	225	1	1	1	1	1	838	200
321	843	10000	1	247	1	153	1	1	1	1	1	839	200
322	844	10000	1	236	3	111	1	1	1	1	1	840	200
323	845	10000	1	237	2	256	1	1	1	1	1	841	200
324	848	10000	1	242	1	64	1	1	1	1	1	844	200
325	849	10000	1	149	2	297	1	1	1	1	1	845	200
326	850	10000	1	155	1	194	1	1	1	1	1	846	200
327	851	10000	1	164	1	384	1	1	1	1	1	847	200
328	852	10000	1	185	1	384	1	1	1	1	1	848	200
329	853	10000	1	185	3	913	1	1	1	1	1	849	200
330	854	10000	1	239	2	128	1	1	1	1	1	850	200
331	855	10000	1	176	1	394	1	1	1	1	1	851	200
332	857	10000	1	168	1	200	1	1	1	1	1	853	200
333	858	10000	1	234	3	130	1	1	1	1	1	854	200
334	859	10000	1	168	3	601	1	1	1	1	1	855	200
335	860	10000	1	252	1	188	1	1	1	1	1	856	200
336	862	10000	1	233	3	50	1	1	1	1	1	858	200
337	864	10000	1	232	2	129	1	1	1	1	1	860	200
338	865	10000	1	246	2	253	1	1	1	1	1	861	200
339	866	10000	1	234	1	111	1	1	1	1	1	862	200
340	867	10000	1	223	2	442	1	1	1	1	1	863	200
341	869	10000	1	259	2	249	1	1	1	1	1	865	200
342	871	10000	1	266	2	129	1	1	1	1	1	867	200
343	872	10000	1	258	1	125	1	1	1	1	1	868	200
344	873	10000	1	267	1	70	1	1	1	1	1	869	200
345	874	10000	1	272	3	131	1	1	1	1	1	870	200
346	878	10000	1	332	2	200	1	1	1	1	1	874	200
347	880	10000	1	318	2	193	1	1	1	1	1	876	200
348	881	10000	1	329	2	236	1	1	1	1	1	877	200
349	882	10000	1	317	1	174	1	1	1	1	1	878	200
350	883	10000	1	313	2	126	1	1	1	1	1	879	200
351	885	10000	1	311	2	185	1	1	1	1	1	881	200
352	886	10000	1	275	3	751	1	1	1	1	1	882	200
353	888	10000	1	308	1	287	1	1	1	1	1	884	200
354	889	10000	1	281	2	203	1	1	1	1	1	885	200
355	891	10000	1	317	3	172	1	1	1	1	1	887	200
356	892	10000	1	308	3	199	1	1	1	1	1	888	200
357	893	10000	1	274	3	231	1	1	1	1	1	889	200
358	894	10000	1	282	2	474	1	1	1	1	1	890	200
359	896	10000	1	305	1	280	1	1	1	1	1	892	200
360	897	10000	1	292	1	206	1	1	1	1	1	893	200
361	898	10000	1	173	1	124	1	1	1	1	1	894	200
362	900	10000	1	203	1	152	1	1	1	1	1	896	200
363	905	10000	1	132	1	139	1	1	1	1	1	901	200
364	907	10000	1	133	3	132	1	1	1	1	1	903	200
365	909	10000	1	230	3	344	1	1	1	1	1	905	200
366	910	10000	1	173	3	221	1	1	1	1	1	906	200
367	911	10000	1	184	3	245	1	1	1	1	1	907	200
368	912	10000	1	196	3	527	1	1	1	1	1	908	200
369	913	10000	1	218	3	120	1	1	1	1	1	909	200
370	916	10000	1	174	3	569	1	1	1	1	1	912	200
371	917	10000	1	156	1	482	1	1	1	1	1	913	200
372	919	10000	1	236	1	79	1	1	1	1	1	915	200
373	923	10000	1	284	3	480	1	1	1	1	1	919	200
374	927	10000	1	88	3	187	1	1	1	1	1	923	200
375	929	10000	1	80	1	114	1	1	1	1	1	925	200
376	931	10000	1	86	2	303	1	1	1	1	1	927	200
377	932	10000	1	89	1	303	1	1	1	1	1	928	200
378	933	10000	1	77	1	156	1	1	1	1	1	929	200
379	934	10000	1	89	3	222	1	1	1	1	1	930	200
380	935	10000	1	86	1	221	1	1	1	1	1	931	200
381	936	10000	1	105	3	447	1	1	1	1	1	932	200
382	941	10000	1	79	3	405	1	1	1	1	1	937	200
383	942	10000	1	77	3	456	1	1	1	1	1	938	200
384	944	10000	1	133	2	132	1	1	1	1	1	940	200
385	945	10000	1	106	3	228	1	1	1	1	1	941	200
386	947	10000	1	106	3	171	1	1	1	1	1	943	200
387	948	10000	1	105	1	344	1	1	1	1	1	944	200
388	949	10000	1	116	2	172	1	1	1	1	1	945	200
389	956	10000	1	298	1	70	1	1	1	1	1	952	200
390	964	10000	1	327	1	107	1	1	1	1	1	960	200
391	965	10000	1	301	2	50	1	1	1	1	1	961	200
392	966	10000	1	310	3	316	1	1	1	1	1	962	200
393	971	10000	1	192	1	350	1	1	1	1	1	967	200
394	979	10000	1	426	2	1426	1	1	1	1	1	975	200
395	980	10000	1	376	2	542	1	1	1	1	1	976	200
396	982	10000	1	315	3	178	1	1	1	1	1	978	200
397	983	10000	1	315	1	137	1	1	1	1	1	979	200
398	985	10000	1	288	2	340	1	1	1	1	1	980	200
399	986	10000	1	456	2	1086	1	1	1	1	1	981	200
400	987	10000	1	385	3	550	1	1	1	1	1	982	200
401	988	10000	1	419	4	141	1	1	1	1	1	983	200
402	990	10000	1	409	2	135	1	1	1	1	1	985	200
403	993	10000	1	445	1	340	1	1	1	1	1	988	200
404	999	10000	1	269	3	414	1	1	1	1	1	993	200
405	1005	10000	1	332	1	336	1	1	1	1	1	999	200
406	1020	10000	1	242	2	50	1	1	1	1	1	1012	200
407	1022	10000	1	428	1	342	1	1	1	1	1	1014	200
408	1025	10000	1	305	2	81	1	1	1	1	1	1017	200
409	1026	10000	1	314	1	173	1	1	1	1	1	1018	200
410	1032	10000	1	229	2	180	1	1	1	1	1	1024	200
411	1033	10000	1	212	2	162	1	1	1	1	1	1025	200
412	1034	10000	1	198	2	197	1	1	1	1	1	1026	200
413	1037	10000	1	307	1	802	1	1	1	1	1	1029	200
414	1039	10000	1	11	1	1068	1	1	1	1	1	1031	200
415	1040	10000	1	132	3	350	1	1	1	1	1	1032	200
416	1042	10000	1	150	1	353	1	1	1	1	1	1034	200
417	1045	10000	1	148	2	56	1	1	1	1	1	1037	200
418	1048	10000	1	306	2	160	1	1	1	1	1	1040	200
419	1050	10000	1	424	1	227	1	1	1	1	1	1042	200
420	1051	10000	1	432	1	324	1	1	1	1	1	1043	200
421	1055	10000	1	40	1	198	1	1	1	1	1	1047	200
422	1108	10000	1	327	3	407	1	1	1	1	1	1100	200
423	1111	10000	1	380	1	225	1	1	1	1	1	1103	200
424	1114	10000	1	430	1	714	1	1	1	1	1	1106	200
425	1159	10000	1	241	3	984	1	1	1	1	1	1151	200
426	1179	10000	1	471	1	50	1	1	1	1	1	1171	200
427	1180	10000	1	374	3	86	1	1	1	1	1	1172	200
428	1181	10000	1	377	1	255	1	1	1	1	1	1173	200
429	1183	10000	1	375	3	105	1	1	1	1	1	1175	200
430	1184	10000	1	179	1	147	1	1	1	1	1	1176	200
431	1189	10000	1	198	1	70	1	1	1	1	1	1181	200
432	1191	10000	1	187	1	115	1	1	1	1	1	1183	200
433	1193	10000	1	159	1	253	1	1	1	1	1	1185	200
434	1206	10000	1	240	1	1325	1	1	1	1	1	1198	200
435	1222	10000	1	186	2	614	1	1	1	1	1	1214	200
436	1226	10000	1	200	2	97	1	1	1	1	1	1217	200
437	1232	10000	1	236	3	50	1	1	1	1	1	1223	200
438	1235	10000	1	231	2	758	1	1	1	1	1	1226	200
439	1236	10000	1	4	2	111	1	1	1	1	1	1227	200
440	1237	10000	1	24	2	188	1	1	1	1	1	1228	200
441	1239	10000	1	81	2	111	1	1	1	1	1	1230	200
442	1250	10000	1	243	1	423	1	1	1	1	1	1241	200
443	1252	10000	1	61	3	246	1	1	1	1	1	1243	200
444	1254	10000	1	227	1	286	1	1	1	1	1	1245	200
445	1256	10000	1	37	1	110	1	1	1	1	1	1247	200
446	1283	10000	1	386	1	206	1	1	1	1	1	1274	200
447	1290	10000	1	389	1	183	1	1	1	1	1	1281	200
448	1299	10000	1	357	2	59	1	1	1	1	1	1290	200
449	1301	10000	1	338	1	125	1	1	1	1	1	1292	200
450	1303	10000	1	297	1	148	1	1	1	1	1	1294	200
451	1305	10000	1	294	1	300	1	1	1	1	1	1296	200
452	1306	10000	1	304	1	215	1	1	1	1	1	1297	200
453	1308	10000	1	249	2	269	1	1	1	1	1	1299	200
454	1311	10000	1	208	1	182	1	1	1	1	1	1302	200
455	1322	10000	1	258	3	71	1	1	1	1	1	1313	200
456	1326	10000	1	277	1	345	1	1	1	1	1	1317	200
457	1329	10000	1	278	3	222	1	1	1	1	1	1320	200
458	1335	10000	1	297	2	50	1	1	1	1	1	1326	200
459	1346	10000	1	380	2	159	1	1	1	1	1	1337	200
460	1350	10000	1	359	3	525	1	1	1	1	1	1341	200
461	1353	10000	1	165	2	64	1	1	1	1	1	1344	200
462	1354	10000	1	169	1	91	1	1	1	1	1	1345	200
463	1382	10000	1	205	1	434	1	1	1	1	1	1373	200
464	1384	10000	1	179	3	394	1	1	1	1	1	1375	200
465	1395	10000	1	398	1	302	1	1	1	1	1	1386	200
466	1397	10000	1	423	2	84	1	1	1	1	1	1388	200
467	1401	10000	1	401	2	145	1	1	1	1	1	1392	200
468	1407	10000	1	442	2	115	1	1	1	1	1	1398	200
469	1442	10000	1	452	2	138	1	1	1	1	1	1433	200
470	1448	10000	1	439	1	121	1	1	1	1	1	1439	200
471	1459	10000	1	441	1	296	1	1	1	1	1	1450	200
472	1462	10000	1	403	2	72	1	1	1	1	1	1453	200
473	1470	10000	1	395	3	102	1	1	1	1	1	1461	200
474	1473	10000	1	419	1	540	1	1	1	1	1	1464	200
475	1476	10000	1	35	3	279	1	1	1	1	1	1467	200
476	1480	10000	1	283	2	301	1	1	1	1	1	1471	200
477	1482	10000	1	138	2	50	1	1	1	1	1	1473	200
478	1484	10000	1	140	3	218	1	1	1	1	1	1475	200
479	1488	10000	1	420	1	207	1	1	1	1	1	1479	200
480	1489	10000	1	409	1	487	1	1	1	1	1	1480	200
481	1493	10000	1	422	1	247	1	1	1	1	1	1484	200
482	1495	10000	1	410	2	67	1	1	1	1	1	1486	200
483	1500	10000	1	310	1	226	1	1	1	1	1	1491	200
484	1501	10000	1	250	2	252	1	1	1	1	1	1492	200
485	1503	10000	1	269	3	195	1	1	1	1	1	1494	200
486	1507	10000	1	21	1	406	1	1	1	1	1	1498	200
487	1509	10000	1	51	1	408	1	1	1	1	1	1500	200
488	1510	10000	1	107	1	446	1	1	1	1	1	1501	200
489	1512	10000	1	104	1	200	1	1	1	1	1	1503	200
490	1513	10000	1	71	3	485	1	1	1	1	1	1504	200
491	1516	10000	1	83	1	803	1	1	1	1	1	1507	200
492	1517	10000	1	11	4	795	1	1	1	1	1	1508	200
493	1518	10000	1	227	3	1094	1	1	1	1	1	1509	200
494	1519	10000	1	150	3	352	1	1	1	1	1	1510	200
495	1520	10000	1	160	2	183	1	1	1	1	1	1511	200
496	1522	10000	1	238	3	221	1	1	1	1	1	1513	200
497	1523	10000	1	222	2	221	1	1	1	1	1	1514	200
498	1524	10000	1	84	3	599	1	1	1	1	1	1515	200
499	1526	10000	1	2	3	778	1	1	1	1	1	1517	200
500	1527	10000	1	81	1	296	1	1	1	1	1	1518	200
501	1529	10000	1	197	1	255	1	1	1	1	1	1520	200
502	1532	10000	1	215	2	236	1	1	1	1	1	1523	200
503	1534	10000	1	328	2	1832	1	1	1	1	1	1525	200
504	1535	10000	1	312	3	200	1	1	1	1	1	1526	200
505	1537	10000	1	289	1	235	1	1	1	1	1	1528	200
506	1543	10000	1	280	1	522	1	1	1	1	1	1534	200
507	1544	10000	1	434	1	347	1	1	1	1	1	1535	200
508	1545	10000	1	432	3	317	1	1	1	1	1	1536	200
509	1546	10000	1	412	4	786	1	1	1	1	1	1537	200
510	1547	10000	1	435	1	126	1	1	1	1	1	1538	200
511	1548	10000	1	399	1	145	1	1	1	1	1	1539	200
512	1549	10000	1	406	1	239	1	1	1	1	1	1540	200
513	1550	10000	1	424	2	118	1	1	1	1	1	1541	200
514	1551	10000	1	397	3	164	1	1	1	1	1	1542	200
515	1557	10000	1	436	2	1152	1	1	1	1	1	1548	200
516	1558	10000	1	392	2	50	1	1	1	1	1	1549	200
517	1559	10000	1	416	3	751	1	1	1	1	1	1550	200
518	1563	10000	1	440	1	317	1	1	1	1	1	1554	200
519	1566	10000	1	345	3	240	1	1	1	1	1	1557	200
520	1567	10000	1	370	2	467	1	1	1	1	1	1558	200
521	1577	10000	1	335	1	203	1	1	1	1	1	1568	200
522	1579	10000	1	357	1	150	1	1	1	1	1	1570	200
523	1581	10000	1	392	1	218	1	1	1	1	1	1572	200
524	1585	10000	1	411	1	304	1	1	1	1	1	1576	200
525	1590	10000	1	429	2	182	1	1	1	1	1	1581	200
526	1594	10000	1	413	3	1230	1	1	1	1	1	1585	200
527	1596	10000	1	443	2	275	1	1	1	1	1	1587	200
528	1600	10000	1	438	1	472	1	1	1	1	1	1591	200
529	1604	10000	1	410	1	285	1	1	1	1	1	1595	200
530	1608	10000	1	454	1	306	1	1	1	1	1	1599	200
531	1620	10000	1	368	2	86	1	1	1	1	1	1611	200
532	1623	10000	1	280	2	122	1	1	1	1	1	1614	200
533	1631	10000	1	445	2	123	1	1	1	1	1	1622	200
534	1634	10000	1	231	1	490	1	1	1	1	1	1625	200
535	1638	10000	1	149	1	160	1	1	1	1	1	1629	200
536	1641	10000	1	141	3	408	1	1	1	1	1	1632	200
537	1644	10000	1	29	1	401	1	1	1	1	1	1635	200
538	1647	10000	1	63	1	286	1	1	1	1	1	1638	200
539	1650	10000	1	144	1	250	1	1	1	1	1	1641	200
540	1652	10000	1	111	1	345	1	1	1	1	1	1643	200
541	1655	10000	1	82	1	264	1	1	1	1	1	1646	200
542	1656	10000	1	57	1	449	1	1	1	1	1	1647	200
543	1658	10000	1	24	1	291	1	1	1	1	1	1649	200
544	1661	10000	1	260	3	490	1	1	1	1	1	1652	200
545	1670	10000	1	217	1	523	1	1	1	1	1	1661	200
546	1676	10000	1	217	2	89	1	1	1	1	1	1667	200
547	1691	10000	1	422	2	124	1	1	1	1	1	1681	200
548	1694	10000	1	326	2	250	1	1	1	1	1	1684	200
549	1695	10000	1	339	1	261	1	1	1	1	1	1685	200
550	1696	10000	1	344	3	72	1	1	1	1	1	1686	200
551	1697	10000	1	113	3	350	1	1	1	1	1	1687	200
552	1698	10000	1	39	3	805	1	1	1	1	1	1688	200
553	1700	10000	1	94	3	288	1	1	1	1	1	1690	200
554	1705	10000	1	449	3	334	1	1	1	1	1	1694	200
555	1706	10000	1	358	2	171	1	1	1	1	1	1695	200
556	1707	10000	1	439	3	221	1	1	1	1	1	1696	200
557	1709	10000	1	368	1	159	1	1	1	1	1	1698	200
558	1711	10000	1	265	3	445	1	1	1	1	1	1700	200
559	1712	10000	1	294	2	396	1	1	1	1	1	1701	200
560	1715	10000	1	367	1	295	1	1	1	1	1	1704	200
561	1716	10000	1	347	2	217	1	1	1	1	1	1705	200
562	1719	10000	1	406	3	196	1	1	1	1	1	1708	200
563	1720	10000	1	435	3	612	1	1	1	1	1	1709	200
564	1722	10000	1	260	1	287	1	1	1	1	1	1711	200
565	1723	10000	1	201	2	420	1	1	1	1	1	1712	200
566	1724	10000	1	153	1	112	1	1	1	1	1	1713	200
567	1730	10000	1	382	2	63	1	1	1	1	1	1719	200
568	1733	10000	1	446	3	353	1	1	1	1	1	1722	200
569	1736	10000	1	268	1	433	1	1	1	1	1	1725	200
570	1738	10000	1	267	2	254	1	1	1	1	1	1727	200
571	1741	10000	1	189	1	177	1	1	1	1	1	1730	200
572	1744	10000	1	9	3	783	1	1	1	1	1	1733	200
573	1745	10000	1	33	3	630	1	1	1	1	1	1734	200
574	1747	10000	1	125	1	802	1	1	1	1	1	1736	200
575	1748	10000	1	192	2	175	1	1	1	1	1	1737	200
576	1751	10000	1	374	1	100	1	1	1	1	1	1740	200
577	1752	10000	1	412	1	238	1	1	1	1	1	1741	200
578	1753	10000	1	182	1	772	1	1	1	1	1	1742	200
579	1754	10000	1	206	1	468	1	1	1	1	1	1743	200
580	1755	10000	1	214	3	498	1	1	1	1	1	1744	200
581	1756	10000	1	243	3	117	1	1	1	1	1	1745	200
582	1759	10000	1	240	3	618	1	1	1	1	1	1748	200
583	1760	10000	1	269	1	531	1	1	1	1	1	1749	200
584	1761	10000	1	92	3	1908	1	1	1	1	1	1750	200
585	1762	10000	1	42	2	140	1	1	1	1	1	1751	200
586	1763	10000	1	117	1	414	1	1	1	1	1	1752	200
587	1765	10000	1	206	3	979	1	1	1	1	1	1754	200
588	1767	10000	1	261	2	58	1	1	1	1	1	1756	200
589	1768	10000	1	200	1	251	1	1	1	1	1	1757	200
590	1769	10000	1	199	1	221	1	1	1	1	1	1758	200
591	1772	10000	1	391	1	195	1	1	1	1	1	1761	200
592	1775	10000	1	351	1	148	1	1	1	1	1	1764	200
593	1777	10000	1	20	1	398	1	1	1	1	1	1766	200
594	1778	10000	1	28	2	82	1	1	1	1	1	1767	200
595	1779	10000	1	20	3	250	1	1	1	1	1	1768	200
596	1780	10000	1	30	1	204	1	1	1	1	1	1769	200
597	1781	10000	1	21	3	403	1	1	1	1	1	1770	200
598	1784	10000	1	31	1	602	1	1	1	1	1	1772	200
599	1788	10000	1	205	3	126	1	1	1	1	1	1776	200
600	1790	10000	1	67	2	693	1	1	1	1	1	1778	200
601	1791	10000	1	48	3	805	1	1	1	1	1	1779	200
602	1792	10000	1	73	1	105	1	1	1	1	1	1780	200
603	1794	10000	1	39	1	408	1	1	1	1	1	1782	200
604	1795	10000	1	38	3	804	1	1	1	1	1	1783	200
605	1796	10000	1	17	1	708	1	1	1	1	1	1784	200
606	1797	10000	1	10	1	319	1	1	1	1	1	1785	200
607	1800	10000	1	102	2	159	1	1	1	1	1	1788	200
608	1802	10000	1	40	3	846	1	1	1	1	1	1790	200
609	1803	10000	1	41	1	231	1	1	1	1	1	1791	200
610	1805	10000	1	65	1	340	1	1	1	1	1	1793	200
611	1806	10000	1	88	1	455	1	1	1	1	1	1794	200
612	1808	10000	1	125	3	446	1	1	1	1	1	1796	200
613	1809	10000	1	107	3	190	1	1	1	1	1	1797	200
614	1811	10000	1	125	3	102	1	1	1	1	1	1799	200
615	1812	10000	1	126	1	648	1	1	1	1	1	1800	200
616	1813	10000	1	163	1	406	1	1	1	1	1	1801	200
617	1815	10000	1	166	1	381	1	1	1	1	1	1803	200
618	1816	10000	1	203	3	231	1	1	1	1	1	1804	200
619	1817	10000	1	224	3	279	1	1	1	1	1	1805	200
620	1818	10000	1	216	3	223	1	1	1	1	1	1806	200
621	1819	10000	1	163	3	676	1	1	1	1	1	1807	200
622	1821	10000	1	156	3	690	1	1	1	1	1	1809	200
623	1822	10000	1	174	1	207	1	1	1	1	1	1810	200
624	1823	10000	1	184	1	468	1	1	1	1	1	1811	200
625	1825	10000	1	235	2	430	1	1	1	1	1	1813	200
626	1826	10000	1	223	3	186	1	1	1	1	1	1814	200
627	1829	10000	1	18	2	457	1	1	1	1	1	1817	200
628	1831	10000	1	34	3	809	1	1	1	1	1	1819	200
629	1832	10000	1	66	1	343	1	1	1	1	1	1820	200
630	1834	10000	1	52	3	809	1	1	1	1	1	1822	200
631	1835	10000	1	80	3	400	1	1	1	1	1	1823	200
632	1836	10000	1	86	3	156	1	1	1	1	1	1824	200
633	1837	10000	1	106	1	615	1	1	1	1	1	1825	200
634	1839	10000	1	116	3	123	1	1	1	1	1	1827	200
635	1840	10000	1	135	2	200	1	1	1	1	1	1828	200
636	1841	10000	1	155	3	399	1	1	1	1	1	1829	200
637	1843	10000	1	164	3	597	1	1	1	1	1	1831	200
638	1844	10000	1	190	1	203	1	1	1	1	1	1832	200
639	1845	10000	1	190	2	554	1	1	1	1	1	1833	200
640	1846	10000	1	252	2	356	1	1	1	1	1	1834	200
641	1847	10000	1	211	3	409	1	1	1	1	1	1835	200
642	1848	10000	1	225	1	93	1	1	1	1	1	1836	200
643	1849	10000	1	245	3	494	1	1	1	1	1	1837	200
644	1851	10000	1	347	1	260	1	1	1	1	1	1839	200
645	1852	10000	1	282	1	211	1	1	1	1	1	1840	200
646	1855	10000	1	346	2	166	1	1	1	1	1	1843	200
647	1857	10000	1	339	2	105	1	1	1	1	1	1845	200
648	1859	10000	1	346	1	182	1	1	1	1	1	1847	200
649	1860	10000	1	322	1	275	1	1	1	1	1	1848	200
650	1861	10000	1	303	2	106	1	1	1	1	1	1849	200
651	1864	10000	1	279	2	204	1	1	1	1	1	1852	200
652	1865	10000	1	293	2	202	1	1	1	1	1	1853	200
653	1867	10000	1	276	2	94	1	1	1	1	1	1855	200
654	1868	10000	1	342	1	374	1	1	1	1	1	1856	200
655	1871	10000	1	370	1	260	1	1	1	1	1	1859	200
656	1874	10000	1	272	1	202	1	1	1	1	1	1862	200
657	1875	10000	1	274	1	204	1	1	1	1	1	1863	200
658	1876	10000	1	264	2	90	1	1	1	1	1	1864	200
659	1877	10000	1	254	1	209	1	1	1	1	1	1865	200
660	1885	10000	1	288	1	351	1	1	1	1	1	1873	200
661	1888	10000	1	263	1	77	1	1	1	1	1	1876	200
662	1890	10000	1	228	1	195	1	1	1	1	1	1878	200
663	1891	10000	1	219	2	251	1	1	1	1	1	1879	200
664	1900	10000	1	87	1	111	1	1	1	1	1	1888	200
665	1902	10000	1	115	2	118	1	1	1	1	1	1890	200
666	1908	10000	1	208	2	245	1	1	1	1	1	1896	200
667	1910	10000	1	247	2	50	1	1	1	1	1	1898	200
668	1919	10000	1	394	1	475	1	1	1	1	1	1907	200
669	1927	10000	1	371	1	386	1	1	1	1	1	1915	200
670	1932	10000	1	338	2	50	1	1	1	1	1	1920	200
671	1945	10000	1	151	2	159	1	1	1	1	1	1933	200
672	1949	10000	1	170	3	250	1	1	1	1	1	1937	200
673	1951	10000	1	278	1	130	1	1	1	1	1	1939	200
674	1953	10000	1	377	3	127	1	1	1	1	1	1941	200
675	1963	10000	1	183	2	150	1	1	1	1	1	1951	200
676	1967	10000	1	42	3	267	1	1	1	1	1	1955	200
677	1968	10000	1	68	1	403	1	1	1	1	1	1956	200
678	1971	10000	1	119	1	404	1	1	1	1	1	1959	200
679	1972	10000	1	167	2	339	1	1	1	1	1	1960	200
680	1973	10000	1	182	3	288	1	1	1	1	1	1961	200
681	1975	10000	1	28	1	316	1	1	1	1	1	1963	200
682	1976	10000	1	44	1	402	1	1	1	1	1	1964	200
683	1977	10000	1	43	1	134	1	1	1	1	1	1965	200
684	1979	10000	1	45	1	404	1	1	1	1	1	1967	200
685	1980	10000	1	36	2	124	1	1	1	1	1	1968	200
686	1981	10000	1	36	1	284	1	1	1	1	1	1969	200
687	1982	10000	1	64	1	334	1	1	1	1	1	1970	200
688	1983	10000	1	43	3	405	1	1	1	1	1	1971	200
689	1984	10000	1	48	1	407	1	1	1	1	1	1972	200
690	1985	10000	1	69	3	403	1	1	1	1	1	1973	200
691	1986	10000	1	94	1	808	1	1	1	1	1	1974	200
692	1988	10000	1	93	2	404	1	1	1	1	1	1976	200
693	1989	10000	1	352	3	1871	1	1	1	1	1	1977	200
694	1992	10000	1	95	1	336	1	1	1	1	1	1980	200
695	1994	10000	1	95	3	507	1	1	1	1	1	1982	200
696	1995	10000	1	353	2	264	1	1	1	1	1	1983	200
697	1996	10000	1	152	3	327	1	1	1	1	1	1984	200
698	1998	10000	1	47	1	65	1	1	1	1	1	1986	200
699	1999	10000	1	47	2	98	1	1	1	1	1	1987	200
700	2000	10000	1	63	2	90	1	1	1	1	1	1988	200
701	2001	10000	1	98	1	101	1	1	1	1	1	1989	200
702	2002	10000	1	97	3	519	1	1	1	1	1	1990	200
703	2003	10000	1	127	1	460	1	1	1	1	1	1991	200
704	2004	10000	1	128	3	541	1	1	1	1	1	1992	200
705	2005	10000	1	134	2	206	1	1	1	1	1	1993	200
706	2007	10000	1	72	3	581	1	1	1	1	1	1995	200
707	2008	10000	1	101	3	203	1	1	1	1	1	1996	200
708	2009	10000	1	98	3	809	1	1	1	1	1	1997	200
709	2010	10000	1	448	1	646	1	1	1	1	1	1998	200
710	2012	10000	1	87	3	199	1	1	1	1	1	2000	200
711	2013	10000	1	103	2	144	1	1	1	1	1	2001	200
712	2014	10000	1	103	1	110	1	1	1	1	1	2002	200
713	2015	10000	1	100	2	175	1	1	1	1	1	2003	200
714	2016	10000	1	100	1	153	1	1	1	1	1	2004	200
715	2018	10000	1	148	1	240	1	1	1	1	1	2006	200
716	2019	10000	1	151	1	232	1	1	1	1	1	2007	200
717	2021	10000	1	189	2	88	1	1	1	1	1	2009	200
718	2022	10000	1	191	2	287	1	1	1	1	1	2010	200
719	2024	10000	1	222	3	170	1	1	1	1	1	2012	200
720	2025	10000	1	255	2	249	1	1	1	1	1	2013	200
721	2026	10000	1	238	3	214	1	1	1	1	1	2014	200
722	2028	10000	1	307	3	360	1	1	1	1	1	2016	200
723	2029	10000	1	166	3	679	1	1	1	1	1	2017	200
724	2030	10000	1	194	1	126	1	1	1	1	1	2018	200
725	2031	10000	1	427	1	320	1	1	1	1	1	2019	200
726	2032	10000	1	415	3	982	1	1	1	1	1	2020	200
727	2033	10000	1	224	1	198	1	1	1	1	1	2021	200
728	2034	10000	1	226	1	637	1	1	1	1	1	2022	200
729	2036	10000	1	450	2	918	1	1	1	1	1	2024	200
730	2038	10000	1	457	1	764	1	1	1	1	1	2026	200
731	2039	10000	1	451	1	846	1	1	1	1	1	2027	200
732	2041	10000	1	457	3	796	1	1	1	1	1	2029	200
733	2042	10000	1	453	1	262	1	1	1	1	1	2030	200
734	2043	10000	1	7	3	459	1	1	1	1	1	2031	200
735	2044	10000	1	18	1	861	1	1	1	1	1	2032	200
736	2045	10000	1	12	3	1174	1	1	1	1	1	2033	200
737	2047	10000	1	14	1	830	1	1	1	1	1	2035	200
738	2048	10000	1	12	1	381	1	1	1	1	1	2036	200
739	2050	10000	1	59	1	792	1	1	1	1	1	2038	200
740	2051	10000	1	32	3	642	1	1	1	1	1	2039	200
741	2053	10000	1	340	1	594	1	1	1	1	1	2041	200
742	2054	10000	1	322	2	126	1	1	1	1	1	2042	200
743	2055	10000	1	330	1	297	1	1	1	1	1	2043	200
744	2056	10000	1	296	3	369	1	1	1	1	1	2044	200
745	2057	10000	1	331	2	123	1	1	1	1	1	2045	200
746	2058	10000	1	343	1	254	1	1	1	1	1	2046	200
747	2059	10000	1	337	3	182	1	1	1	1	1	2047	200
748	2060	10000	1	314	3	126	1	1	1	1	1	2048	200
749	2061	10000	1	337	1	103	1	1	1	1	1	2049	200
750	2062	10000	1	360	1	822	1	1	1	1	1	2050	200
751	2063	10000	1	359	1	120	1	1	1	1	1	2051	200
752	2066	10000	1	60	1	803	1	1	1	1	1	2054	200
753	2067	10000	1	360	3	793	1	1	1	1	1	2055	200
754	2069	10000	1	55	3	199	1	1	1	1	1	2057	200
755	2075	10000	1	135	1	200	1	1	1	1	1	2063	200
756	2080	10000	1	137	1	682	1	1	1	1	1	2068	200
757	2081	10000	1	108	1	587	1	1	1	1	1	2069	200
758	2082	10000	1	110	3	333	1	1	1	1	1	2070	200
759	2083	10000	1	139	3	695	1	1	1	1	1	2071	200
760	2085	10000	1	110	1	682	1	1	1	1	1	2073	200
761	2086	10000	1	147	3	142	1	1	1	1	1	2074	200
762	2087	10000	1	137	1	142	1	1	1	1	1	2075	200
763	2088	10000	1	154	1	562	1	1	1	1	1	2076	200
764	2089	10000	1	136	1	567	1	1	1	1	1	2077	200
765	2090	10000	1	137	3	228	1	1	1	1	1	2078	200
766	2091	10000	1	109	1	695	1	1	1	1	1	2079	200
767	2092	10000	1	74	1	794	1	1	1	1	1	2080	200
768	2093	10000	1	59	3	403	1	1	1	1	1	2081	200
769	2094	10000	1	85	3	395	1	1	1	1	1	2082	200
770	2095	10000	1	109	1	820	1	1	1	1	1	2083	200
771	2096	10000	1	74	3	424	1	1	1	1	1	2084	200
772	2097	10000	1	136	3	418	1	1	1	1	1	2085	200
773	2098	10000	1	158	1	395	1	1	1	1	1	2086	200
774	2099	10000	1	230	1	400	1	1	1	1	1	2087	200
775	2100	10000	1	158	3	592	1	1	1	1	1	2088	200
776	2101	10000	1	154	3	594	1	1	1	1	1	2089	200
777	2104	10000	1	176	3	527	1	1	1	1	1	2092	200
778	2105	10000	1	275	1	203	1	1	1	1	1	2093	200
779	2107	10000	1	147	3	602	1	1	1	1	1	2095	200
780	2108	10000	1	170	1	565	1	1	1	1	1	2096	200
781	2110	10000	1	353	1	368	1	1	1	1	1	2098	200
782	2112	10000	1	471	3	62	1	1	1	1	1	2100	200
783	2113	10000	1	389	2	120	1	1	1	1	1	2101	200
784	2114	10000	1	388	1	119	1	1	1	1	1	2102	200
785	2115	10000	1	381	3	212	1	1	1	1	1	2103	200
786	2117	10000	1	388	4	57	1	1	1	1	1	2105	200
787	2119	10000	1	225	2	260	1	1	1	1	1	2107	200
788	2120	10000	1	249	2	104	1	1	1	1	1	2108	200
789	2122	10000	1	250	1	108	1	1	1	1	1	2110	200
790	2127	10000	1	295	2	109	1	1	1	1	1	2115	200
791	2129	10000	1	286	3	281	1	1	1	1	1	2117	200
792	2130	10000	1	285	2	202	1	1	1	1	1	2118	200
793	2131	10000	1	407	3	128	1	1	1	1	1	2119	200
794	2133	10000	1	387	3	835	1	1	1	1	1	2121	200
795	2134	10000	1	210	1	178	1	1	1	1	1	2122	200
796	2135	10000	1	210	2	128	1	1	1	1	1	2123	200
797	2136	10000	1	187	2	623	1	1	1	1	1	2124	200
798	2140	10000	1	421	3	294	1	1	1	1	1	2128	200
799	2142	10000	1	429	1	160	1	1	1	1	1	2130	200
800	2143	10000	1	195	1	389	1	1	1	1	1	2131	200
801	2144	10000	1	159	2	762	1	1	1	1	1	2132	200
802	2145	10000	1	420	2	141	1	1	1	1	1	2133	200
803	2148	10000	1	402	2	120	1	1	1	1	1	2136	200
804	2149	10000	1	385	1	680	1	1	1	1	1	2137	200
805	2150	10000	1	402	1	126	1	1	1	1	1	2138	200
806	2151	10000	1	421	1	125	1	1	1	1	1	2139	200
807	2152	10000	1	251	2	368	1	1	1	1	1	2140	200
808	2155	10000	1	254	3	82	1	1	1	1	1	2143	200
809	2156	10000	1	262	2	193	1	1	1	1	1	2144	200
810	2157	10000	1	257	3	129	1	1	1	1	1	2145	200
811	2159	10000	1	270	2	201	1	1	1	1	1	2147	200
812	2162	10000	1	139	3	526	1	1	1	1	1	2150	200
813	2163	10000	1	171	3	203	1	1	1	1	1	2151	200
814	2164	10000	1	181	2	131	1	1	1	1	1	2152	200
815	2165	10000	1	178	3	127	1	1	1	1	1	2153	200
816	2167	10000	1	193	3	390	1	1	1	1	1	2155	200
817	2168	10000	1	198	2	95	1	1	1	1	1	2156	200
818	2170	10000	1	221	1	100	1	1	1	1	1	2158	200
819	2173	10000	1	193	1	253	1	1	1	1	1	2161	200
820	2174	10000	1	212	1	403	1	1	1	1	1	2162	200
821	2176	10000	1	207	3	336	1	1	1	1	1	2164	200
822	2177	10000	1	229	1	64	1	1	1	1	1	2165	200
823	2178	10000	1	139	1	438	1	1	1	1	1	2166	200
824	2179	10000	1	140	1	192	1	1	1	1	1	2167	200
825	2180	10000	1	361	1	348	1	1	1	1	1	2168	200
826	2181	10000	1	340	3	150	1	1	1	1	1	2169	200
827	2184	10000	1	263	3	123	1	1	1	1	1	2172	200
828	2185	10000	1	416	2	463	1	1	1	1	1	2173	200
829	2186	10000	1	253	3	404	1	1	1	1	1	2174	200
830	2187	10000	1	431	1	269	1	1	1	1	1	2175	200
831	2189	10000	1	428	2	400	1	1	1	1	1	2177	200
832	2192	10000	1	207	1	772	1	1	1	1	1	2180	200
833	2193	10000	1	427	2	261	1	1	1	1	1	2181	200
834	2195	10000	1	345	3	173	1	1	1	1	1	2183	200
835	2197	10000	1	438	2	211	1	1	1	1	1	2185	200
836	2198	10000	1	131	1	226	1	1	1	1	1	2186	200
837	2199	10000	1	142	1	165	1	1	1	1	1	2187	200
838	2200	10000	1	131	2	165	1	1	1	1	1	2188	200
839	2201	10000	1	142	2	174	1	1	1	1	1	2189	200
840	2203	10000	1	109	3	471	1	1	1	1	1	2191	200
841	2204	10000	1	130	3	475	1	1	1	1	1	2192	200
842	2205	10000	1	316	2	223	1	1	1	1	1	2193	200
843	2206	10000	1	354	1	177	1	1	1	1	1	2194	200
844	2207	10000	1	365	2	249	1	1	1	1	1	2195	200
845	2209	10000	1	363	1	157	1	1	1	1	1	2197	200
846	2210	10000	1	336	2	169	1	1	1	1	1	2198	200
847	2211	10000	1	112	1	813	1	1	1	1	1	2199	200
848	2212	10000	1	78	1	798	1	1	1	1	1	2200	200
849	2213	10000	1	60	3	405	1	1	1	1	1	2201	200
850	2214	10000	1	296	1	170	1	1	1	1	1	2202	200
851	2215	10000	1	309	1	349	1	1	1	1	1	2203	200
852	2216	10000	1	291	3	133	1	1	1	1	1	2204	200
853	2217	10000	1	291	1	116	1	1	1	1	1	2205	200
854	2218	10000	1	304	1	362	1	1	1	1	1	2206	200
855	2220	10000	1	321	1	212	1	1	1	1	1	2208	200
856	2221	10000	1	321	3	116	1	1	1	1	1	2209	200
857	2222	10000	1	335	2	146	1	1	1	1	1	2210	200
858	2223	10000	1	309	3	257	1	1	1	1	1	2211	200
859	2224	10000	1	298	2	83	1	1	1	1	1	2212	200
860	2225	10000	1	343	3	146	1	1	1	1	1	2213	200
861	2226	10000	1	320	2	256	1	1	1	1	1	2214	200
862	2227	10000	1	304	3	132	1	1	1	1	1	2215	200
863	2228	10000	1	301	1	132	1	1	1	1	1	2216	200
864	2229	10000	1	334	2	126	1	1	1	1	1	2217	200
865	2230	10000	1	350	1	102	1	1	1	1	1	2218	200
866	2231	10000	1	330	3	132	1	1	1	1	1	2219	200
867	2233	10000	1	115	1	286	1	1	1	1	1	2221	200
868	2236	10000	1	82	2	124	1	1	1	1	1	2224	200
869	2237	10000	1	54	1	368	1	1	1	1	1	2225	200
870	2238	10000	1	57	2	126	1	1	1	1	1	2226	200
871	2240	10000	1	143	1	385	1	1	1	1	1	2228	200
872	2241	10000	1	129	3	258	1	1	1	1	1	2229	200
873	2242	10000	1	129	3	472	1	1	1	1	1	2230	200
874	2243	10000	1	114	3	182	1	1	1	1	1	2231	200
875	2244	10000	1	113	1	803	1	1	1	1	1	2232	200
876	2246	10000	1	62	1	204	1	1	1	1	1	2234	200
877	2247	10000	1	54	2	430	1	1	1	1	1	2235	200
878	2249	10000	1	83	3	800	1	1	1	1	1	2237	200
879	2252	10000	1	300	2	204	1	1	1	1	1	2240	200
880	2253	10000	1	300	1	120	1	1	1	1	1	2241	200
881	2256	10000	1	6	1	591	1	1	1	1	1	2244	200
882	2257	10000	1	1	3	462	1	1	1	1	1	2245	200
883	2258	10000	1	4	1	338	1	1	1	1	1	2246	200
884	2259	10000	1	5	3	530	1	1	1	1	1	2247	200
885	2260	10000	1	3	2	246	1	1	1	1	1	2248	200
886	2263	10000	1	3	1	339	1	1	1	1	1	2251	200
887	2266	10000	1	25	1	288	1	1	1	1	1	2254	200
888	2268	10000	1	61	1	808	1	1	1	1	1	2256	200
889	2269	10000	1	320	1	50	1	1	1	1	1	2257	200
890	2271	10000	1	405	1	220	1	1	1	1	1	2259	200
891	2273	10000	1	393	1	168	1	1	1	1	1	2261	200
892	2275	10000	1	442	1	287	1	1	1	1	1	2263	200
893	2277	10000	1	384	1	184	1	1	1	1	1	2265	200
894	2278	10000	1	456	1	295	1	1	1	1	1	2266	200
895	2279	10000	1	455	1	437	1	1	1	1	1	2267	200
896	2286	10000	1	378	3	397	1	1	1	1	1	2274	200
897	2287	10000	1	378	1	224	1	1	1	1	1	2275	200
898	2288	10000	1	367	3	372	1	1	1	1	1	2276	200
899	2289	10000	1	84	1	393	1	1	1	1	1	2277	200
900	2290	10000	1	58	1	453	1	1	1	1	1	2278	200
901	2291	10000	1	108	3	361	1	1	1	1	1	2279	200
902	2293	10000	1	154	3	418	1	1	1	1	1	2281	200
903	2298	10000	1	59	3	401	1	1	1	1	1	2286	200
904	2299	10000	1	161	1	565	1	1	1	1	1	2287	200
905	2302	10000	1	85	1	387	1	1	1	1	1	2290	200
906	2305	10000	1	59	1	451	1	1	1	1	1	2293	200
907	2306	10000	1	74	3	395	1	1	1	1	1	2294	200
908	2313	10000	1	228	2	251	1	1	1	1	1	2301	200
909	2314	10000	1	60	1	794	1	1	1	1	1	2302	200
910	2318	10000	1	159	3	190	1	1	1	1	1	2306	200
911	2320	10000	1	188	3	762	1	1	1	1	1	2308	200
912	2321	10000	1	78	1	813	1	1	1	1	1	2309	200
913	2322	10000	1	61	1	798	1	1	1	1	1	2310	200
914	2330	10000	1	209	2	146	1	1	1	1	1	2318	200
915	2332	10000	1	215	2	118	1	1	1	1	1	2320	200
916	2334	10000	1	256	3	176	1	1	1	1	1	2322	200
917	2346	10000	1	287	3	109	1	1	1	1	1	2333	200
918	2350	10000	1	201	2	273	1	1	1	1	1	2337	200
919	2354	10000	1	143	1	154	1	1	1	1	1	2341	200
920	2358	10000	1	181	1	199	1	1	1	1	1	2344	200
921	2360	10000	1	171	1	132	1	1	1	1	1	2346	200
922	2361	10000	1	221	3	420	1	1	1	1	1	2347	200
923	2362	10000	1	143	3	232	1	1	1	1	1	2348	200
924	2363	10000	1	178	3	203	1	1	1	1	1	2349	200
925	2365	10000	1	83	3	302	1	1	1	1	1	2351	200
926	2367	10000	1	145	1	385	1	1	1	1	1	2353	200
927	2374	10000	1	113	3	182	1	1	1	1	1	2360	200
928	2379	10000	1	165	2	279	1	1	1	1	1	2365	200
929	2380	10000	1	263	3	388	1	1	1	1	1	2366	200
930	2381	10000	1	263	1	291	1	1	1	1	1	2367	200
931	2389	10000	1	359	3	374	1	1	1	1	1	2375	200
932	2393	10000	1	253	1	208	1	1	1	1	1	2379	200
933	2397	10000	1	295	2	284	1	1	1	1	1	2383	200
934	2401	10000	1	471	1	97	1	1	1	1	1	2387	200
935	2402	10000	1	286	1	166	1	1	1	1	1	2388	200
936	2407	10000	1	324	3	444	1	1	1	1	1	2393	200
937	2408	10000	1	333	1	305	1	1	1	1	1	2394	200
938	2415	10000	1	388	1	120	1	1	1	1	1	2401	200
939	2417	10000	1	381	2	139	1	1	1	1	1	2403	200
940	2419	10000	1	407	2	835	1	1	1	1	1	2405	200
941	2420	10000	1	446	2	254	1	1	1	1	1	2406	200
942	2422	10000	1	312	1	649	1	1	1	1	1	2408	200
943	2423	10000	1	372	1	1857	1	1	1	1	1	2409	200
944	2425	10000	1	399	3	199	1	1	1	1	1	2411	200
945	2426	10000	1	459	5	187	1	1	1	1	1	2412	200
946	2428	10000	1	423	2	314	1	1	1	1	1	2414	200
947	2429	10000	1	412	1	50	1	1	1	1	1	2415	200
948	2430	10000	1	459	3	238	1	1	1	1	1	2416	200
949	2431	10000	1	426	1	786	1	1	1	1	1	2417	200
950	2432	10000	1	424	2	324	1	1	1	1	1	2418	200
951	2433	10000	1	406	1	121	1	1	1	1	1	2419	200
952	2434	10000	1	399	1	239	1	1	1	1	1	2420	200
953	2435	10000	1	434	2	547	1	1	1	1	1	2421	200
954	2439	10000	1	390	2	199	1	1	1	1	1	2425	200
955	2440	10000	1	411	3	50	1	1	1	1	1	2426	200
956	2441	10000	1	390	2	636	1	1	1	1	1	2427	200
957	2443	10000	1	398	2	136	1	1	1	1	1	2429	200
958	2445	10000	1	395	3	143	1	1	1	1	1	2431	200
959	2449	10000	1	371	2	50	1	1	1	1	1	2435	200
960	2452	10000	1	401	2	57	1	1	1	1	1	2437	200
961	2453	10000	1	341	1	91	1	1	1	1	1	2438	200
962	2455	10000	1	433	1	601	1	1	1	1	1	2440	200
963	2456	10000	1	400	1	1551	1	1	1	1	1	2441	200
964	2457	10000	1	422	2	50	1	1	1	1	1	2442	200
965	2458	10000	1	370	2	70	1	1	1	1	1	2443	200
966	2463	10000	1	407	1	427	1	1	1	1	1	2448	200
967	2464	10000	1	386	1	550	1	1	1	1	1	2449	200
968	2466	10000	1	383	2	132	1	1	1	1	1	2451	200
969	2467	10000	1	380	2	178	1	1	1	1	1	2452	200
970	2468	10000	1	368	2	50	1	1	1	1	1	2453	200
971	2469	10000	1	427	3	834	1	1	1	1	1	2454	200
972	2470	10000	1	366	1	295	1	1	1	1	1	2455	200
973	2472	10000	1	342	3	182	1	1	1	1	1	2457	200
974	2473	10000	1	364	1	234	1	1	1	1	1	2458	200
975	2479	10000	1	364	3	97	1	1	1	1	1	2464	200
976	2482	10000	1	416	1	172	1	1	1	1	1	2467	200
977	2485	10000	1	418	4	463	1	1	1	1	1	2470	200
978	2487	10000	1	348	2	255	1	1	1	1	1	2472	200
979	2491	10000	1	396	3	108	1	1	1	1	1	2476	200
980	2495	10000	1	345	1	294	1	1	1	1	1	2479	200
981	2498	10000	1	361	3	528	1	1	1	1	1	2482	200
982	2499	10000	1	340	1	284	1	1	1	1	1	2483	200
983	2501	10000	1	385	3	201	1	1	1	1	1	2485	200
984	2502	10000	1	357	2	94	1	1	1	1	1	2486	200
985	2503	10000	1	346	2	50	1	1	1	1	1	2487	200
986	2505	10000	1	438	2	154	1	1	1	1	1	2489	200
987	2508	10000	1	354	3	169	1	1	1	1	1	2492	200
988	2509	10000	1	403	2	550	1	1	1	1	1	2493	200
989	2511	10000	1	332	2	169	1	1	1	1	1	2495	200
990	2512	10000	1	326	2	200	1	1	1	1	1	2496	200
991	2513	10000	1	396	1	954	1	1	1	1	1	2497	200
992	2514	10000	1	418	1	100	1	1	1	1	1	2498	200
993	2515	10000	1	410	2	102	1	1	1	1	1	2499	200
994	2519	10000	1	362	3	122	1	1	1	1	1	2503	200
995	2521	10000	1	375	3	134	1	1	1	1	1	2505	200
996	2526	10000	1	393	1	1152	1	1	1	1	1	2510	200
997	2527	10000	1	321	1	622	1	1	1	1	1	2511	200
998	2528	10000	1	349	1	221	1	1	1	1	1	2512	200
999	2529	10000	1	369	2	160	1	1	1	1	1	2513	200
1000	2530	10000	1	349	2	160	1	1	1	1	1	2514	200
1001	2531	10000	1	373	3	71	1	1	1	1	1	2515	200
1002	2533	10000	1	426	3	119	1	1	1	1	1	2517	200
1003	2534	10000	1	355	1	241	1	1	1	1	1	2518	200
1004	2535	10000	1	374	1	52	1	1	1	1	1	2519	200
1005	2536	10000	1	344	1	219	1	1	1	1	1	2520	200
1006	2537	10000	1	435	3	303	1	1	1	1	1	2521	200
1007	2538	10000	1	327	1	239	1	1	1	1	1	2522	200
1008	2540	10000	1	355	3	115	1	1	1	1	1	2524	200
1009	2541	10000	1	376	3	330	1	1	1	1	1	2525	200
1010	2542	10000	1	362	1	542	1	1	1	1	1	2526	200
1011	2544	10000	1	376	1	142	1	1	1	1	1	2528	200
1012	2546	10000	1	360	3	175	1	1	1	1	1	2530	200
1013	2548	10000	1	450	3	690	1	1	1	1	1	2532	200
1014	2549	10000	1	449	1	918	1	1	1	1	1	2533	200
1015	2550	10000	1	449	3	357	1	1	1	1	1	2534	200
1016	2553	10000	1	452	2	231	1	1	1	1	1	2537	200
1017	2556	10000	1	457	1	942	1	1	1	1	1	2540	200
1018	2557	10000	1	457	3	422	1	1	1	1	1	2541	200
1019	2562	10000	1	69	1	274	1	1	1	1	1	2546	200
1020	2564	10000	1	43	1	336	1	1	1	1	1	2548	200
1021	2565	10000	1	35	1	270	1	1	1	1	1	2549	200
1022	2566	10000	1	68	3	269	1	1	1	1	1	2550	200
1023	2579	10000	1	183	2	50	1	1	1	1	1	2563	200
1024	2582	10000	1	214	1	468	1	1	1	1	1	2566	200
1025	2583	10000	1	243	3	498	1	1	1	1	1	2567	200
1026	2584	10000	1	162	2	450	1	1	1	1	1	2568	200
1027	2586	10000	1	180	1	87	1	1	1	1	1	2570	200
1028	2587	10000	1	180	3	87	1	1	1	1	1	2571	200
1029	2589	10000	1	177	2	848	1	1	1	1	1	2573	200
1030	2590	10000	1	241	1	110	1	1	1	1	1	2574	200
1031	2595	10000	1	280	2	783	1	1	1	1	1	2579	200
1032	2597	10000	1	372	2	1379	1	1	1	1	1	2581	200
1033	2598	10000	1	117	3	122	1	1	1	1	1	2582	200
1034	2603	10000	1	118	1	199	1	1	1	1	1	2587	200
1035	2606	10000	1	69	1	408	1	1	1	1	1	2590	200
1036	2607	10000	1	95	1	67	1	1	1	1	1	2591	200
1037	2608	10000	1	68	2	406	1	1	1	1	1	2592	200
1038	2609	10000	1	119	2	503	1	1	1	1	1	2593	200
1039	2610	10000	1	93	1	404	1	1	1	1	1	2594	200
1040	2612	10000	1	120	1	375	1	1	1	1	1	2596	200
1041	2613	10000	1	289	2	469	1	1	1	1	1	2597	200
1042	2614	10000	1	47	3	178	1	1	1	1	1	2598	200
1043	2620	10000	1	88	3	409	1	1	1	1	1	2604	200
1044	2621	10000	1	65	3	240	1	1	1	1	1	2605	200
1045	2622	10000	1	41	3	238	1	1	1	1	1	2606	200
1046	2625	10000	1	40	3	805	1	1	1	1	1	2609	200
1047	2626	10000	1	17	3	305	1	1	1	1	1	2610	200
1048	2628	10000	1	50	1	191	1	1	1	1	1	2612	200
1049	2632	10000	1	49	1	224	1	1	1	1	1	2616	200
1050	2633	10000	1	11	1	708	1	1	1	1	1	2617	200
1051	2635	10000	1	52	3	450	1	1	1	1	1	2619	200
1052	2636	10000	1	10	1	515	1	1	1	1	1	2620	200
1053	2637	10000	1	49	3	445	1	1	1	1	1	2621	200
1054	2638	10000	1	13	1	725	1	1	1	1	1	2622	200
1055	2640	10000	1	79	1	455	1	1	1	1	1	2624	200
1056	2641	10000	1	52	1	340	1	1	1	1	1	2625	200
1057	2642	10000	1	9	1	813	1	1	1	1	1	2626	200
1058	2643	10000	1	76	3	150	1	1	1	1	1	2627	200
1059	2644	10000	1	51	1	693	1	1	1	1	1	2628	200
1060	2647	10000	1	87	3	246	1	1	1	1	1	2631	200
1061	2648	10000	1	75	1	91	1	1	1	1	1	2632	200
1062	2650	10000	1	75	1	175	1	1	1	1	1	2634	200
1063	2655	10000	1	63	2	378	1	1	1	1	1	2639	200
1064	2656	10000	1	48	3	125	1	1	1	1	1	2640	200
1065	2658	10000	1	70	3	403	1	1	1	1	1	2642	200
1066	2662	10000	1	64	3	402	1	1	1	1	1	2646	200
1067	2664	10000	1	46	1	203	1	1	1	1	1	2648	200
1068	2666	10000	1	39	3	804	1	1	1	1	1	2650	200
1069	2667	10000	1	46	1	107	1	1	1	1	1	2651	200
1070	2669	10000	1	71	1	285	1	1	1	1	1	2653	200
1071	2671	10000	1	203	1	149	1	1	1	1	1	2655	200
1072	2678	10000	1	132	1	166	1	1	1	1	1	2662	200
1073	2680	10000	1	126	3	102	1	1	1	1	1	2664	200
1074	2681	10000	1	220	3	108	1	1	1	1	1	2665	200
1075	2685	10000	1	238	1	157	1	1	1	1	1	2669	200
1076	2689	10000	1	226	3	154	1	1	1	1	1	2673	200
1077	2691	10000	1	186	1	88	1	1	1	1	1	2675	200
1078	2702	10000	1	194	1	173	1	1	1	1	1	2686	200
1079	2703	10000	1	202	3	50	1	1	1	1	1	2687	200
1080	2704	10000	1	213	1	256	1	1	1	1	1	2688	200
1081	2705	10000	1	255	3	214	1	1	1	1	1	2689	200
1082	2706	10000	1	224	2	637	1	1	1	1	1	2690	200
1083	2711	10000	1	189	3	313	1	1	1	1	1	2695	200
1084	2712	10000	1	151	2	169	1	1	1	1	1	2696	200
1085	2714	10000	1	166	2	257	1	1	1	1	1	2698	200
1086	2715	10000	1	216	2	231	1	1	1	1	1	2699	200
1087	2716	10000	1	166	3	561	1	1	1	1	1	2700	200
1088	2719	10000	1	458	1	50	1	1	1	1	1	2703	200
1089	2720	10000	1	126	1	172	1	1	1	1	1	2704	200
1090	2725	10000	1	200	2	174	1	1	1	1	1	2709	200
1091	2726	10000	1	213	3	178	1	1	1	1	1	2710	200
1092	2727	10000	1	231	3	669	1	1	1	1	1	2711	200
1093	2730	10000	1	124	3	110	1	1	1	1	1	2714	200
1094	2739	10000	1	204	1	298	1	1	1	1	1	2723	200
1095	2741	10000	1	220	1	490	1	1	1	1	1	2725	200
1096	2742	10000	1	255	1	481	1	1	1	1	1	2726	200
1097	2743	10000	1	284	2	293	1	1	1	1	1	2727	200
1098	2746	10000	1	284	1	360	1	1	1	1	1	2730	200
1099	2747	10000	1	302	2	50	1	1	1	1	1	2731	200
1100	2752	10000	1	172	1	239	1	1	1	1	1	2736	200
1101	2754	10000	1	157	1	157	1	1	1	1	1	2738	200
1102	2755	10000	1	160	3	229	1	1	1	1	1	2739	200
1103	2758	10000	1	141	1	327	1	1	1	1	1	2742	200
1104	2759	10000	1	172	3	259	1	1	1	1	1	2743	200
1105	2760	10000	1	152	2	355	1	1	1	1	1	2744	200
1106	2761	10000	1	160	1	166	1	1	1	1	1	2745	200
1107	2762	10000	1	128	1	196	1	1	1	1	1	2746	200
1108	2767	10000	1	328	2	192	1	1	1	1	1	2751	200
1109	2768	10000	1	302	1	1832	1	1	1	1	1	2752	200
1110	2770	10000	1	122	1	73	1	1	1	1	1	2754	200
1111	2772	10000	1	122	3	50	1	1	1	1	1	2756	200
1112	2776	10000	1	299	1	50	1	1	1	1	1	2760	200
1113	2778	10000	1	319	2	462	1	1	1	1	1	2762	200
1114	2783	10000	1	76	1	688	1	1	1	1	1	2767	200
1115	2785	10000	1	100	2	50	1	1	1	1	1	2769	200
1116	2786	10000	1	101	1	111	1	1	1	1	1	2770	200
1117	2788	10000	1	99	1	112	1	1	1	1	1	2772	200
1118	2789	10000	1	99	1	107	1	1	1	1	1	2773	200
1119	2790	10000	1	102	1	252	1	1	1	1	1	2774	200
1120	2794	10000	1	72	1	710	1	1	1	1	1	2778	200
1121	2797	10000	1	98	3	519	1	1	1	1	1	2781	200
1122	2804	10000	1	55	1	119	1	1	1	1	1	2788	200
1123	2806	10000	1	58	3	199	1	1	1	1	1	2790	200
1124	2807	10000	1	19	1	327	1	1	1	1	1	2791	200
1125	2808	10000	1	32	1	342	1	1	1	1	1	2792	200
1126	2809	10000	1	58	1	288	1	1	1	1	1	2793	200
1127	2811	10000	1	32	1	266	1	1	1	1	1	2795	200
1128	2813	10000	1	16	1	682	1	1	1	1	1	2797	200
1129	2818	10000	1	24	2	309	1	1	1	1	1	2802	200
1130	2820	10000	1	16	3	303	1	1	1	1	1	2804	200
1131	2821	10000	1	27	1	342	1	1	1	1	1	2805	200
1132	2822	10000	1	5	1	684	1	1	1	1	1	2806	200
1133	2829	10000	1	26	1	402	1	1	1	1	1	2813	200
1134	2834	10000	1	66	3	402	1	1	1	1	1	2818	200
1135	2835	10000	1	15	1	204	1	1	1	1	1	2819	200
1136	2838	10000	1	56	1	343	1	1	1	1	1	2822	200
1137	2839	10000	1	56	1	346	1	1	1	1	1	2823	200
1138	2842	10000	1	33	1	111	1	1	1	1	1	2826	200
1139	2843	10000	1	53	3	353	1	1	1	1	1	2827	200
1140	2844	10000	1	55	3	399	1	1	1	1	1	2828	200
1141	2846	10000	1	7	1	135	1	1	1	1	1	2830	200
1142	2847	10000	1	14	3	459	1	1	1	1	1	2831	200
1143	2851	10000	1	2	1	832	1	1	1	1	1	2835	200
1144	2852	10000	1	7	3	566	1	1	1	1	1	2836	200
1145	2853	10000	1	8	2	366	1	1	1	1	1	2837	200
1146	2857	10000	1	170	1	394	1	1	1	1	1	2841	200
1147	2858	10000	1	250	2	128	1	1	1	1	1	2842	200
1148	2861	10000	1	164	1	200	1	1	1	1	1	2845	200
1149	2863	10000	1	211	2	554	1	1	1	1	1	2847	200
1150	2864	10000	1	176	3	592	1	1	1	1	1	2848	200
1151	2866	10000	1	232	2	152	1	1	1	1	1	2850	200
1152	2867	10000	1	246	2	129	1	1	1	1	1	2851	200
1153	2868	10000	1	259	2	253	1	1	1	1	1	2852	200
1154	2869	10000	1	272	3	249	1	1	1	1	1	2853	200
1155	2871	10000	1	234	1	82	1	1	1	1	1	2855	200
1156	2872	10000	1	274	3	131	1	1	1	1	1	2856	200
1157	2873	10000	1	258	1	129	1	1	1	1	1	2857	200
1158	2874	10000	1	252	2	125	1	1	1	1	1	2858	200
1159	2875	10000	1	266	2	70	1	1	1	1	1	2859	200
1160	2876	10000	1	275	1	50	1	1	1	1	1	2860	200
1161	2877	10000	1	318	2	232	1	1	1	1	1	2861	200
1162	2878	10000	1	329	2	249	1	1	1	1	1	2862	200
1163	2880	10000	1	311	2	193	1	1	1	1	1	2864	200
1164	2881	10000	1	317	1	236	1	1	1	1	1	2865	200
1165	2885	10000	1	303	2	185	1	1	1	1	1	2869	200
1166	2886	10000	1	313	2	127	1	1	1	1	1	2870	200
1167	2887	10000	1	287	1	213	1	1	1	1	1	2871	200
1168	2888	10000	1	276	2	203	1	1	1	1	1	2872	200
1169	2889	10000	1	340	3	305	1	1	1	1	1	2873	200
1170	2891	10000	1	317	3	199	1	1	1	1	1	2875	200
1171	2892	10000	1	282	2	231	1	1	1	1	1	2876	200
1172	2893	10000	1	292	1	280	1	1	1	1	1	2877	200
1173	2896	10000	1	155	1	194	1	1	1	1	1	2880	200
1174	2899	10000	1	196	1	330	1	1	1	1	1	2883	200
1175	2900	10000	1	230	3	153	1	1	1	1	1	2884	200
1176	2903	10000	1	133	1	211	1	1	1	1	1	2887	200
1177	2904	10000	1	135	3	132	1	1	1	1	1	2888	200
1178	2905	10000	1	218	1	113	1	1	1	1	1	2889	200
1179	2906	10000	1	168	1	221	1	1	1	1	1	2890	200
1180	2907	10000	1	196	2	245	1	1	1	1	1	2891	200
1181	2908	10000	1	218	2	527	1	1	1	1	1	2892	200
1182	2911	10000	1	242	2	79	1	1	1	1	1	2895	200
1183	2912	10000	1	236	1	400	1	1	1	1	1	2896	200
1184	2913	10000	1	149	1	190	1	1	1	1	1	2897	200
1185	2914	10000	1	223	3	578	1	1	1	1	1	2898	200
1186	2916	10000	1	227	3	223	1	1	1	1	1	2900	200
1187	2918	10000	1	267	3	494	1	1	1	1	1	2902	200
1188	2921	10000	1	247	2	220	1	1	1	1	1	2905	200
1189	2922	10000	1	294	3	340	1	1	1	1	1	2906	200
1190	2927	10000	1	80	1	106	1	1	1	1	1	2911	200
1191	2929	10000	1	89	3	205	1	1	1	1	1	2913	200
1192	2936	10000	1	108	1	577	1	1	1	1	1	2920	200
1193	2937	10000	1	77	3	400	1	1	1	1	1	2921	200
1194	2938	10000	1	84	3	579	1	1	1	1	1	2922	200
1195	2939	10000	1	116	1	206	1	1	1	1	1	2923	200
1196	2940	10000	1	121	3	132	1	1	1	1	1	2924	200
1197	2941	10000	1	121	2	123	1	1	1	1	1	2925	200
1198	2945	10000	1	105	3	615	1	1	1	1	1	2929	200
1199	2948	10000	1	309	1	256	1	1	1	1	1	2932	200
1200	2949	10000	1	304	3	50	1	1	1	1	1	2933	200
1201	2950	10000	1	344	3	407	1	1	1	1	1	2934	200
1202	2951	10000	1	327	3	316	1	1	1	1	1	2935	200
1203	2954	10000	1	435	1	621	1	1	1	1	1	2938	200
1204	2956	10000	1	377	1	458	1	1	1	1	1	2940	200
1205	2959	10000	1	310	1	178	1	1	1	1	1	2943	200
1206	2961	10000	1	310	3	396	1	1	1	1	1	2944	200
1207	2963	10000	1	425	2	182	1	1	1	1	1	2946	200
1208	2965	10000	1	402	2	51	1	1	1	1	1	2948	200
1209	2969	10000	1	446	1	334	1	1	1	1	1	2952	200
1210	2970	10000	1	445	2	598	1	1	1	1	1	2953	200
1211	2974	10000	1	240	3	647	1	1	1	1	1	2957	200
1212	2975	10000	1	269	1	126	1	1	1	1	1	2958	200
1213	2977	10000	1	268	3	618	1	1	1	1	1	2960	200
1214	2978	10000	1	352	1	264	1	1	1	1	1	2961	200
1215	2981	10000	1	305	3	474	1	1	1	1	1	2964	200
1216	2983	10000	1	292	3	496	1	1	1	1	1	2966	200
1217	2984	10000	1	107	3	605	1	1	1	1	1	2967	200
1218	2986	10000	1	251	2	205	1	1	1	1	1	2969	200
1219	2987	10000	1	11	3	319	1	1	1	1	1	2970	200
1220	2990	10000	1	144	2	174	1	1	1	1	1	2973	200
1221	2991	10000	1	320	2	107	1	1	1	1	1	2974	200
1222	2992	10000	1	245	2	50	1	1	1	1	1	2975	200
1223	2993	10000	1	245	1	50	1	1	1	1	1	2976	200
1224	2995	10000	1	416	4	110	1	1	1	1	1	2978	200
1225	2997	10000	1	216	1	96	1	1	1	1	1	2980	200
1226	2998	10000	1	257	3	82	1	1	1	1	1	2981	200
1227	2999	10000	1	299	2	215	1	1	1	1	1	2982	200
1228	3000	10000	1	308	3	81	1	1	1	1	1	2983	200
1229	3003	10000	1	439	3	612	1	1	1	1	1	2986	200
1230	3010	10000	1	307	1	971	1	1	1	1	1	2993	200
1231	3011	10000	1	156	3	352	1	1	1	1	1	2994	200
1232	3012	10000	1	150	1	200	1	1	1	1	1	2995	200
1233	3015	10000	1	333	2	114	1	1	1	1	1	2998	200
1234	3017	10000	1	18	3	342	1	1	1	1	1	3000	200
1235	3018	10000	1	112	1	475	1	1	1	1	1	3001	200
1236	3021	10000	1	193	3	264	1	1	1	1	1	3004	200
1237	3022	10000	1	286	3	324	1	1	1	1	1	3005	200
1238	3023	10000	1	253	3	425	1	1	1	1	1	3006	200
1239	3024	10000	1	379	1	172	1	1	1	1	1	3007	200
1240	3026	10000	1	448	1	353	1	1	1	1	1	3009	200
1241	3027	10000	1	205	3	273	1	1	1	1	1	3010	200
1242	3035	10000	1	377	3	105	1	1	1	1	1	3017	200
1243	3040	10000	1	57	2	246	1	1	1	1	1	3022	200
1244	3043	10000	1	325	2	77	1	1	1	1	1	3025	200
1245	3044	10000	1	199	2	97	1	1	1	1	1	3026	200
1246	3045	10000	1	235	2	50	1	1	1	1	1	3027	200
1247	3046	10000	1	82	2	111	1	1	1	1	1	3028	200
1248	3047	10000	1	240	1	414	1	1	1	1	1	3029	200
1249	3048	10000	1	134	3	329	1	1	1	1	1	3030	200
1250	3049	10000	1	229	2	79	1	1	1	1	1	3031	200
1251	3051	10000	1	306	2	96	1	1	1	1	1	3033	200
1252	3052	10000	1	338	2	108	1	1	1	1	1	3034	200
1253	3053	10000	1	350	2	59	1	1	1	1	1	3035	200
1254	3056	10000	1	298	2	50	1	1	1	1	1	3038	200
1255	3057	10000	1	382	2	159	1	1	1	1	1	3039	200
1256	3058	10000	1	353	2	290	1	1	1	1	1	3040	200
1257	3059	10000	1	169	3	64	1	1	1	1	1	3041	200
1258	3061	10000	1	212	2	89	1	1	1	1	1	3043	200
1259	3063	10000	1	25	2	188	1	1	1	1	1	3045	200
1260	3064	10000	1	188	1	389	1	1	1	1	1	3046	200
1261	3065	10000	1	195	3	394	1	1	1	1	1	3047	200
1262	3067	10000	1	129	1	91	1	1	1	1	1	3049	200
1263	3068	10000	1	432	3	736	1	1	1	1	1	3050	200
1264	3069	10000	1	406	3	801	1	1	1	1	1	3051	200
1265	3070	10000	1	442	2	50	1	1	1	1	1	3052	200
1266	3071	10000	1	439	1	752	1	1	1	1	1	3053	200
1267	3073	10000	1	395	1	636	1	1	1	1	1	3055	200
1268	3074	10000	1	417	2	84	1	1	1	1	1	3056	200
1269	3075	10000	1	414	2	118	1	1	1	1	1	3057	200
1270	3076	10000	1	392	2	50	1	1	1	1	1	3058	200
1271	3077	10000	1	441	2	115	1	1	1	1	1	3059	200
1272	3078	10000	1	419	3	135	1	1	1	1	1	3060	200
1273	3079	10000	1	389	2	206	1	1	1	1	1	3061	200
1274	3080	10000	1	451	3	138	1	1	1	1	1	3062	200
1275	3081	10000	1	436	2	121	1	1	1	1	1	3063	200
1276	3085	10000	1	62	1	430	1	1	1	1	1	3067	200
1277	3086	10000	1	283	3	202	1	1	1	1	1	3068	200
1278	3090	10000	1	405	2	67	1	1	1	1	1	3072	200
1279	3091	10000	1	239	2	260	1	1	1	1	1	3073	200
1280	3093	10000	1	29	2	85	1	1	1	1	1	3075	200
1281	3094	10000	1	28	2	85	1	1	1	1	1	3076	200
1282	3097	10000	1	44	3	534	1	1	1	1	1	3079	200
1283	3098	10000	1	119	1	202	1	1	1	1	1	3080	200
1284	3099	10000	1	70	1	808	1	1	1	1	1	3081	200
1285	3101	10000	1	31	1	201	1	1	1	1	1	3083	200
1286	3102	10000	1	90	2	117	1	1	1	1	1	3084	200
1287	3103	10000	1	104	3	117	1	1	1	1	1	3085	200
1288	3104	10000	1	150	3	350	1	1	1	1	1	3086	200
1289	3105	10000	1	124	1	772	1	1	1	1	1	3087	200
1290	3106	10000	1	127	3	541	1	1	1	1	1	3088	200
1291	3108	10000	1	72	3	485	1	1	1	1	1	3090	200
1292	3110	10000	1	85	3	599	1	1	1	1	1	3092	200
1293	3111	10000	1	1	1	956	1	1	1	1	1	3093	200
1294	3112	10000	1	145	3	258	1	1	1	1	1	3094	200
1295	3114	10000	1	171	2	457	1	1	1	1	1	3096	200
1296	3116	10000	1	23	1	803	1	1	1	1	1	3098	200
1297	3117	10000	1	32	3	630	1	1	1	1	1	3099	200
1298	3118	10000	1	43	3	402	1	1	1	1	1	3100	200
1299	3119	10000	1	8	1	783	1	1	1	1	1	3101	200
1300	3120	10000	1	13	3	804	1	1	1	1	1	3102	200
1301	3121	10000	1	297	2	443	1	1	1	1	1	3103	200
1302	3122	10000	1	164	3	399	1	1	1	1	1	3104	200
1303	3123	10000	1	167	2	640	1	1	1	1	1	3105	200
1304	3125	10000	1	175	3	339	1	1	1	1	1	3107	200
1305	3126	10000	1	193	1	197	1	1	1	1	1	3108	200
1306	3127	10000	1	202	2	256	1	1	1	1	1	3109	200
1307	3128	10000	1	136	1	589	1	1	1	1	1	3110	200
1308	3129	10000	1	154	1	395	1	1	1	1	1	3111	200
1309	3130	10000	1	197	2	527	1	1	1	1	1	3112	200
1310	3132	10000	1	3	2	111	1	1	1	1	1	3114	200
1311	3135	10000	1	394	3	2023	1	1	1	1	1	3117	200
1312	3136	10000	1	430	2	126	1	1	1	1	1	3118	200
1313	3137	10000	1	397	1	145	1	1	1	1	1	3119	200
1314	3138	10000	1	459	1	164	1	1	1	1	1	3120	200
1315	3142	10000	1	393	3	1126	1	1	1	1	1	3124	200
1316	3143	10000	1	391	2	50	1	1	1	1	1	3125	200
1317	3144	10000	1	396	1	354	1	1	1	1	1	3126	200
1318	3145	10000	1	323	3	472	1	1	1	1	1	3127	200
1319	3146	10000	1	290	1	120	1	1	1	1	1	3128	200
1320	3147	10000	1	278	2	194	1	1	1	1	1	3129	200
1321	3148	10000	1	454	2	3256	1	1	1	1	1	3130	200
1322	3149	10000	1	352	3	82	1	1	1	1	1	3131	200
1323	3151	10000	1	437	1	211	1	1	1	1	1	3133	200
1324	3152	10000	1	455	2	224	1	1	1	1	1	3134	200
1325	3153	10000	1	382	1	154	1	1	1	1	1	3135	200
1326	3154	10000	1	367	1	86	1	1	1	1	1	3136	200
1327	3155	10000	1	98	1	460	1	1	1	1	1	3137	200
1328	3156	10000	1	123	1	238	1	1	1	1	1	3138	200
1329	3162	10000	1	186	3	690	1	1	1	1	1	3144	200
1330	3164	10000	1	179	1	352	1	1	1	1	1	3146	200
1331	3165	10000	1	437	2	261	1	1	1	1	1	3147	200
1332	3166	10000	1	178	1	131	1	1	1	1	1	3148	200
1333	3167	10000	1	433	3	317	1	1	1	1	1	3149	200
1334	3169	10000	1	316	2	250	1	1	1	1	1	3151	200
1335	3170	10000	1	349	2	72	1	1	1	1	1	3152	200
1336	3171	10000	1	324	2	114	1	1	1	1	1	3153	200
1337	3172	10000	1	34	3	846	1	1	1	1	1	3154	200
1338	3173	10000	1	97	1	191	1	1	1	1	1	3155	200
1339	3174	10000	1	6	3	782	1	1	1	1	1	3156	200
1340	3176	10000	1	354	1	171	1	1	1	1	1	3158	200
1341	3179	10000	1	432	2	358	1	1	1	1	1	3161	200
1342	3180	10000	1	400	3	446	1	1	1	1	1	3162	200
1343	3181	10000	1	453	4	296	1	1	1	1	1	3163	200
1344	3183	10000	1	378	3	372	1	1	1	1	1	3165	200
1345	3184	10000	1	268	1	531	1	1	1	1	1	3166	200
1346	3185	10000	1	412	3	196	1	1	1	1	1	3167	200
1347	3186	10000	1	358	1	180	1	1	1	1	1	3168	200
1348	3187	10000	1	69	3	403	1	1	1	1	1	3169	200
1349	3190	10000	1	226	1	758	1	1	1	1	1	3172	200
1350	3192	10000	1	381	1	63	1	1	1	1	1	3174	200
1351	3194	10000	1	450	1	204	1	1	1	1	1	3176	200
1352	3202	10000	1	185	1	203	1	1	1	1	1	3184	200
1353	3204	10000	1	158	3	666	1	1	1	1	1	3186	200
1354	3205	10000	1	174	1	468	1	1	1	1	1	3187	200
1355	3207	10000	1	336	2	374	1	1	1	1	1	3189	200
1356	3208	10000	1	14	1	861	1	1	1	1	1	3190	200
1357	3209	10000	1	27	3	642	1	1	1	1	1	3191	200
1358	3210	10000	1	35	4	401	1	1	1	1	1	3192	200
1359	3211	10000	1	134	1	677	1	1	1	1	1	3193	200
1360	3212	10000	1	21	3	397	1	1	1	1	1	3194	200
1361	3213	10000	1	118	3	215	1	1	1	1	1	3195	200
1362	3215	10000	1	128	3	282	1	1	1	1	1	3197	200
1363	3217	10000	1	373	1	100	1	1	1	1	1	3199	200
1364	3218	10000	1	375	1	313	1	1	1	1	1	3200	200
1365	3219	10000	1	214	2	772	1	1	1	1	1	3201	200
1366	3220	10000	1	175	2	288	1	1	1	1	1	3202	200
1367	3221	10000	1	241	3	423	1	1	1	1	1	3203	200
1368	3223	10000	1	192	2	370	1	1	1	1	1	3205	200
1369	3228	10000	1	312	3	1320	1	1	1	1	1	3210	200
1370	3229	10000	1	44	3	140	1	1	1	1	1	3211	200
1371	3230	10000	1	44	1	1908	1	1	1	1	1	3212	200
1372	3231	10000	1	117	1	203	1	1	1	1	1	3213	200
1373	3232	10000	1	92	2	414	1	1	1	1	1	3214	200
1374	3233	10000	1	243	1	287	1	1	1	1	1	3215	200
1375	3234	10000	1	260	1	58	1	1	1	1	1	3216	200
1376	3235	10000	1	206	3	203	1	1	1	1	1	3217	200
1377	3236	10000	1	260	3	979	1	1	1	1	1	3218	200
1378	3237	10000	1	21	1	82	1	1	1	1	1	3219	200
1379	3238	10000	1	20	4	403	1	1	1	1	1	3220	200
1380	3242	10000	1	30	1	92	1	1	1	1	1	3224	200
1381	3243	10000	1	20	1	204	1	1	1	1	1	3225	200
1382	3244	10000	1	31	3	810	1	1	1	1	1	3226	200
1383	3245	10000	1	30	3	141	1	1	1	1	1	3227	200
1384	3246	10000	1	38	1	407	1	1	1	1	1	3228	200
1385	3247	10000	1	51	3	805	1	1	1	1	1	3229	200
1386	3249	10000	1	307	3	221	1	1	1	1	1	3231	200
1387	3250	10000	1	195	1	434	1	1	1	1	1	3232	200
1388	3252	10000	1	50	3	358	1	1	1	1	1	3234	200
1389	3253	10000	1	67	2	105	1	1	1	1	1	3235	200
1390	3254	10000	1	75	3	656	1	1	1	1	1	3236	200
1391	3256	10000	1	9	3	795	1	1	1	1	1	3238	200
1392	3257	10000	1	17	1	555	1	1	1	1	1	3239	200
1393	3259	10000	1	104	1	159	1	1	1	1	1	3241	200
1394	3260	10000	1	458	3	450	1	1	1	1	1	3242	200
1395	3261	10000	1	104	3	450	1	1	1	1	1	3243	200
1396	3262	10000	1	458	3	197	1	1	1	1	1	3244	200
1397	3263	10000	1	125	1	648	1	1	1	1	1	3245	200
1398	3267	10000	1	41	1	230	1	1	1	1	1	3249	200
1399	3268	10000	1	56	3	809	1	1	1	1	1	3250	200
1400	3269	10000	1	65	1	467	1	1	1	1	1	3251	200
1401	3270	10000	1	79	4	241	1	1	1	1	1	3252	200
1402	3271	10000	1	80	3	405	1	1	1	1	1	3253	200
1403	3272	10000	1	106	1	190	1	1	1	1	1	3254	200
1404	3273	10000	1	88	1	347	1	1	1	1	1	3255	200
1405	3274	10000	1	132	3	102	1	1	1	1	1	3256	200
1406	3275	10000	1	121	1	802	1	1	1	1	1	3257	200
1407	3277	10000	1	174	3	690	1	1	1	1	1	3259	200
1408	3278	10000	1	163	3	87	1	1	1	1	1	3260	200
1409	3279	10000	1	156	1	406	1	1	1	1	1	3261	200
1410	3280	10000	1	184	3	676	1	1	1	1	1	3262	200
1411	3281	10000	1	194	3	679	1	1	1	1	1	3263	200
1412	3282	10000	1	163	1	381	1	1	1	1	1	3264	200
1413	3283	10000	1	230	1	286	1	1	1	1	1	3265	200
1414	3284	10000	1	184	1	326	1	1	1	1	1	3266	200
1415	3285	10000	1	173	2	207	1	1	1	1	1	3267	200
1416	3287	10000	1	211	1	442	1	1	1	1	1	3269	200
1417	3288	10000	1	234	3	186	1	1	1	1	1	3270	200
1418	3289	10000	1	33	3	406	1	1	1	1	1	3271	200
1419	3291	10000	1	53	1	405	1	1	1	1	1	3273	200
1420	3293	10000	1	105	1	130	1	1	1	1	1	3275	200
1421	3294	10000	1	89	1	344	1	1	1	1	1	3276	200
1422	3296	10000	1	149	2	200	1	1	1	1	1	3278	200
1423	3297	10000	1	358	3	211	1	1	1	1	1	3279	200
1424	3298	10000	1	155	3	297	1	1	1	1	1	3280	200
1425	3299	10000	1	185	3	597	1	1	1	1	1	3281	200
1426	3300	10000	1	168	3	127	1	1	1	1	1	3282	200
1427	3301	10000	1	190	3	601	1	1	1	1	1	3283	200
1428	3302	10000	1	225	2	913	1	1	1	1	1	3284	200
1429	3303	10000	1	176	1	384	1	1	1	1	1	3285	200
1430	3304	10000	1	233	2	409	1	1	1	1	1	3286	200
1431	3305	10000	1	233	1	356	1	1	1	1	1	3287	200
1432	3306	10000	1	66	1	460	1	1	1	1	1	3288	200
1433	3307	10000	1	158	1	384	1	1	1	1	1	3289	200
1434	3308	10000	1	272	1	91	1	1	1	1	1	3290	200
1435	3312	10000	1	274	1	204	1	1	1	1	1	3294	200
1436	3313	10000	1	285	2	202	1	1	1	1	1	3295	200
1437	3314	10000	1	279	2	202	1	1	1	1	1	3296	200
1438	3315	10000	1	281	2	65	1	1	1	1	1	3297	200
1439	3316	10000	1	277	2	283	1	1	1	1	1	3298	200
1440	3317	10000	1	273	2	222	1	1	1	1	1	3299	200
1441	3318	10000	1	264	2	202	1	1	1	1	1	3300	200
1442	3319	10000	1	270	2	204	1	1	1	1	1	3301	200
1443	3321	10000	1	257	1	201	1	1	1	1	1	3303	200
1444	3322	10000	1	265	1	132	1	1	1	1	1	3304	200
1445	3325	10000	1	237	2	581	1	1	1	1	1	3307	200
1446	3328	10000	1	103	3	175	1	1	1	1	1	3310	200
1447	3331	10000	1	206	1	156	1	1	1	1	1	3313	200
1448	3332	10000	1	261	2	93	1	1	1	1	1	3314	200
1449	3333	10000	1	395	1	224	1	1	1	1	1	3315	200
1450	3334	10000	1	379	3	946	1	1	1	1	1	3316	200
1451	3336	10000	1	275	3	254	1	1	1	1	1	3318	200
1452	3338	10000	1	341	3	405	1	1	1	1	1	3320	200
1453	3339	10000	1	315	2	117	1	1	1	1	1	3321	200
1454	3340	10000	1	335	2	50	1	1	1	1	1	3322	200
1455	3342	10000	1	210	2	623	1	1	1	1	1	3324	200
1456	3343	10000	1	283	1	130	1	1	1	1	1	3325	200
1457	3344	10000	1	258	3	111	1	1	1	1	1	3326	200
1458	3347	10000	1	182	2	807	1	1	1	1	1	3329	200
1459	3351	10000	1	93	2	79	1	1	1	1	1	3333	200
1460	3352	10000	1	96	3	404	1	1	1	1	1	3334	200
1461	3355	10000	1	29	2	233	1	1	1	1	1	3337	200
1462	3356	10000	1	36	2	279	1	1	1	1	1	3338	200
1463	3357	10000	1	45	3	405	1	1	1	1	1	3339	200
1464	3359	10000	1	38	3	813	1	1	1	1	1	3341	200
1465	3360	10000	1	37	3	124	1	1	1	1	1	3342	200
1466	3361	10000	1	37	1	404	1	1	1	1	1	3343	200
1467	3362	10000	1	46	3	357	1	1	1	1	1	3344	200
1468	3363	10000	1	64	1	469	1	1	1	1	1	3345	200
1469	3364	10000	1	71	3	324	1	1	1	1	1	3346	200
1470	3366	10000	1	96	1	99	1	1	1	1	1	3348	200
1471	3367	10000	1	95	3	120	1	1	1	1	1	3349	200
1472	3368	10000	1	120	3	507	1	1	1	1	1	3350	200
1473	3369	10000	1	94	3	336	1	1	1	1	1	3351	200
1474	3370	10000	1	413	1	356	1	1	1	1	1	3352	200
1475	3371	10000	1	448	3	1230	1	1	1	1	1	3353	200
1476	3372	10000	1	97	3	288	1	1	1	1	1	3354	200
1477	3373	10000	1	141	3	374	1	1	1	1	1	3355	200
1478	3375	10000	1	413	3	1871	1	1	1	1	1	3357	200
1479	3379	10000	1	48	1	206	1	1	1	1	1	3361	200
1480	3381	10000	1	101	3	809	1	1	1	1	1	3363	200
1481	3383	10000	1	127	1	206	1	1	1	1	1	3365	200
1482	3384	10000	1	73	3	227	1	1	1	1	1	3366	200
1483	3385	10000	1	99	3	203	1	1	1	1	1	3367	200
1484	3387	10000	1	248	2	984	1	1	1	1	1	3369	200
1485	3390	10000	1	102	3	144	1	1	1	1	1	3372	200
1486	3391	10000	1	91	2	110	1	1	1	1	1	3373	200
1487	3393	10000	1	153	3	100	1	1	1	1	1	3375	200
1488	3394	10000	1	157	3	227	1	1	1	1	1	3376	200
1489	3395	10000	1	191	3	88	1	1	1	1	1	3377	200
1490	3397	10000	1	213	1	170	1	1	1	1	1	3379	200
1491	3398	10000	1	204	3	395	1	1	1	1	1	3380	200
1492	3400	10000	1	288	3	480	1	1	1	1	1	3382	200
1493	3401	10000	1	203	3	250	1	1	1	1	1	3383	200
1494	3404	10000	1	227	1	279	1	1	1	1	1	3386	200
1495	3405	10000	1	237	1	198	1	1	1	1	1	3387	200
1496	3406	10000	1	449	1	116	1	1	1	1	1	3388	200
1497	3410	10000	1	451	1	262	1	1	1	1	1	3392	200
1498	3411	10000	1	456	2	671	1	1	1	1	1	3393	200
1499	3412	10000	1	453	1	125	1	1	1	1	1	3394	200
1500	3413	10000	1	19	3	440	1	1	1	1	1	3395	200
1501	3414	10000	1	12	1	830	1	1	1	1	1	3396	200
1502	3415	10000	1	19	3	342	1	1	1	1	1	3397	200
1503	3417	10000	1	6	1	381	1	1	1	1	1	3399	200
1504	3418	10000	1	5	3	591	1	1	1	1	1	3400	200
1505	3420	10000	1	16	3	342	1	1	1	1	1	3402	200
1506	3421	10000	1	23	3	403	1	1	1	1	1	3403	200
1507	3424	10000	1	331	2	126	1	1	1	1	1	3406	200
1508	3425	10000	1	314	1	297	1	1	1	1	1	3407	200
1509	3426	10000	1	337	3	123	1	1	1	1	1	3408	200
1510	3427	10000	1	342	1	260	1	1	1	1	1	3409	200
1511	3428	10000	1	337	1	254	1	1	1	1	1	3410	200
1512	3429	10000	1	322	2	126	1	1	1	1	1	3411	200
1513	3431	10000	1	471	3	120	1	1	1	1	1	3413	200
1514	3432	10000	1	22	3	407	1	1	1	1	1	3414	200
1515	3435	10000	1	110	3	587	1	1	1	1	1	3417	200
1516	3436	10000	1	137	3	567	1	1	1	1	1	3418	200
1517	3438	10000	1	27	1	792	1	1	1	1	1	3420	200
1518	3439	10000	1	60	3	403	1	1	1	1	1	3421	200
1519	3440	10000	1	109	3	333	1	1	1	1	1	3422	200
1520	3441	10000	1	74	1	820	1	1	1	1	1	3423	200
1521	3442	10000	1	112	3	471	1	1	1	1	1	3424	200
1522	3443	10000	1	161	3	602	1	1	1	1	1	3425	200
1523	3444	10000	1	138	2	228	1	1	1	1	1	3426	200
1524	3445	10000	1	139	1	134	1	1	1	1	1	3427	200
1525	3446	10000	1	140	1	438	1	1	1	1	1	3428	200
1526	3447	10000	1	23	1	803	1	1	1	1	1	3429	200
1527	3448	10000	1	61	3	405	1	1	1	1	1	3430	200
1528	3449	10000	1	78	3	424	1	1	1	1	1	3431	200
1529	3450	10000	1	170	3	594	1	1	1	1	1	3432	200
1530	3451	10000	1	147	1	562	1	1	1	1	1	3433	200
1531	3452	10000	1	223	1	430	1	1	1	1	1	3434	200
1532	3454	10000	1	271	2	203	1	1	1	1	1	3436	200
1533	3457	10000	1	187	3	114	1	1	1	1	1	3439	200
1534	3458	10000	1	356	3	62	1	1	1	1	1	3440	200
1535	3459	10000	1	387	1	119	1	1	1	1	1	3441	200
1536	3461	10000	1	387	3	212	1	1	1	1	1	3443	200
1537	3462	10000	1	384	2	57	1	1	1	1	1	3444	200
1538	3465	10000	1	443	3	982	1	1	1	1	1	3447	200
1539	3466	10000	1	415	3	128	1	1	1	1	1	3448	200
1540	3467	10000	1	415	1	424	1	1	1	1	1	3449	200
1541	3469	10000	1	219	2	128	1	1	1	1	1	3451	200
1542	3470	10000	1	205	1	178	1	1	1	1	1	3452	200
1543	3471	10000	1	429	2	75	1	1	1	1	1	3453	200
1544	3473	10000	1	181	3	262	1	1	1	1	1	3455	200
1545	3475	10000	1	419	1	141	1	1	1	1	1	3457	200
1546	3476	10000	1	421	3	142	1	1	1	1	1	3458	200
1547	3478	10000	1	409	2	120	1	1	1	1	1	3460	200
1548	3479	10000	1	420	2	125	1	1	1	1	1	3461	200
1549	3481	10000	1	179	3	235	1	1	1	1	1	3463	200
1550	3482	10000	1	221	1	363	1	1	1	1	1	3464	200
1551	3484	10000	1	254	3	378	1	1	1	1	1	3466	200
1552	3485	10000	1	265	3	129	1	1	1	1	1	3467	200
1553	3486	10000	1	262	2	201	1	1	1	1	1	3468	200
1554	3487	10000	1	244	2	209	1	1	1	1	1	3469	200
1555	3488	10000	1	254	1	193	1	1	1	1	1	3470	200
1556	3489	10000	1	169	1	451	1	1	1	1	1	3471	200
1557	3491	10000	1	207	1	162	1	1	1	1	1	3473	200
1558	3493	10000	1	207	3	390	1	1	1	1	1	3475	200
1559	3494	10000	1	217	2	100	1	1	1	1	1	3476	200
1560	3498	10000	1	142	3	192	1	1	1	1	1	3480	200
1561	3500	10000	1	359	1	822	1	1	1	1	1	3482	200
1562	3501	10000	1	385	1	793	1	1	1	1	1	3483	200
1563	3503	10000	1	323	1	594	1	1	1	1	1	3485	200
1564	3505	10000	1	421	1	825	1	1	1	1	1	3487	200
1565	3507	10000	1	431	2	400	1	1	1	1	1	3489	200
1566	3509	10000	1	360	1	348	1	1	1	1	1	3491	200
1567	3510	10000	1	361	3	173	1	1	1	1	1	3492	200
1568	3511	10000	1	440	2	88	1	1	1	1	1	3493	200
1569	3514	10000	1	308	1	223	1	1	1	1	1	3496	200
1570	3515	10000	1	351	2	177	1	1	1	1	1	3497	200
1571	3516	10000	1	361	1	568	1	1	1	1	1	3498	200
1572	3517	10000	1	363	2	249	1	1	1	1	1	3499	200
1573	3518	10000	1	365	2	147	1	1	1	1	1	3500	200
1574	3520	10000	1	22	1	808	1	1	1	1	1	3502	200
1575	3521	10000	1	314	3	369	1	1	1	1	1	3503	200
1576	3522	10000	1	290	3	170	1	1	1	1	1	3504	200
1577	3523	10000	1	296	3	133	1	1	1	1	1	3505	200
1578	3524	10000	1	291	3	212	1	1	1	1	1	3506	200
1579	3526	10000	1	296	1	349	1	1	1	1	1	3508	200
1580	3527	10000	1	343	3	105	1	1	1	1	1	3509	200
1581	3528	10000	1	330	3	116	1	1	1	1	1	3510	200
1582	3529	10000	1	330	1	146	1	1	1	1	1	3511	200
1583	3530	10000	1	301	2	83	1	1	1	1	1	3512	200
1584	3531	10000	1	347	3	146	1	1	1	1	1	3513	200
1585	3532	10000	1	291	1	362	1	1	1	1	1	3514	200
1586	3533	10000	1	309	3	132	1	1	1	1	1	3515	200
1587	3534	10000	1	339	2	126	1	1	1	1	1	3516	200
1588	3535	10000	1	366	3	217	1	1	1	1	1	3517	200
1589	3536	10000	1	334	2	132	1	1	1	1	1	3518	200
1590	3537	10000	1	115	2	74	1	1	1	1	1	3519	200
1591	3538	10000	1	114	2	228	1	1	1	1	1	3520	200
1592	3539	10000	1	111	2	118	1	1	1	1	1	3521	200
1593	3540	10000	1	81	2	70	1	1	1	1	1	3522	200
1594	3542	10000	1	54	2	126	1	1	1	1	1	3524	200
1595	3543	10000	1	321	3	257	1	1	1	1	1	3525	200
1596	3547	10000	1	62	3	808	1	1	1	1	1	3529	200
1597	3550	10000	1	83	1	808	1	1	1	1	1	3532	200
1598	3552	10000	1	293	2	204	1	1	1	1	1	3534	200
1599	3553	10000	1	300	2	201	1	1	1	1	1	3535	200
1600	3554	10000	1	343	1	166	1	1	1	1	1	3536	200
1601	3555	10000	1	4	2	530	1	1	1	1	1	3537	200
1602	3556	10000	1	2	3	246	1	1	1	1	1	3538	200
1603	3558	10000	1	1	3	778	1	1	1	1	1	3540	200
1604	3563	10000	1	26	3	308	1	1	1	1	1	3545	200
1605	3582	10000	1	320	2	50	1	1	1	1	1	3551	200
1606	3584	10000	1	334	1	275	1	1	1	1	1	3553	200
