Grade file for LASUB3
3556
1	0.0077922
2	0.0078534
3	0.018519
4	0
5	-0.0051546
6	0.0066225
7	0.029557
8	-0.0055249
9	0.0051414
10	0.0049261
11	0.0078125
12	0.0049261
13	0.01087
14	-0.016667
15	0
16	0.022222
17	0
18	-0.005102
19	0.0045872
20	0
21	0
22	0
23	0.010309
24	-0.012945
25	0.02451
26	-0.0096154
27	0
28	0.0074257
29	0.0026455
30	-0.0079365
31	0
32	-0.0054645
33	0
34	0.0052083
35	0
36	0.0044843
37	0.0040161
38	0
39	0.0052632
40	-0.004065
41	0
42	0
43	0.004878
44	0.010309
45	0
46	0.0035336
47	0
48	0
49	0
50	-0.0034843
51	-0.0065147
52	0
53	0
54	0
55	0.0083333
56	0
57	-0.0073206
58	0
59	0.0048544
60	0
61	0
62	0.0046404
63	0.005618
64	-0.0049751
65	0
67	0.025773
68	0.027027
69	0.0095238
70	0.04
71	-0.016807
72	0
73	0
74	0.0056497
75	-0.0033557
76	-0.0025707
77	0
78	0
79	0.0058651
80	0
81	0
82	0.0019782
83	0
84	0
85	0.005
86	0.0076336
87	0
88	0.0050633
89	0.01087
90	0.020408
91	0.010582
92	-0.0036232
93	0
94	0
95	0
96	-0.006993
97	0.0021505
98	-0.011236
99	0.0092593
100	-0.014851
101	0.0038168
102	-0.0050251
103	0
104	0
105	0.0035088
106	0
107	0
108	0
109	-0.0043103
110	0
111	0
112	0
113	0.0065789
114	0.0049751
115	-0.0042553
116	0.0087719
117	0.0097087
118	0
119	-0.0053191
120	0.012072
121	0.013793
122	0
123	0
124	0.0037175
125	-0.0021186
126	0
127	-0.0047059
128	0.0050125
129	-0.013636
130	0.0043478
131	0
132	-0.0075472
133	0.0035842
134	0
135	0.013304
136	-0.0030675
137	0.00369
138	0.004329
139	0
140	-0.013889
141	0
142	0.0034364
143	0
144	-0.0075188
145	0.0024938
146	0
147	0.0025707
148	0.0040984
149	0
150	0
151	0.0076628
152	0
153	0
154	0
155	0
156	0.0042017
157	0.009901
158	0
159	0
160	0.0035211
161	0
162	0
163	0
164	0
165	0
166	0
167	0.0044643
168	0.0034483
169	0
170	0.005102
171	0.0022523
172	0.0032787
173	0
174	0.0053191
175	0.0046512
176	0.0050336
177	0.0049834
178	0.0051813
179	0.027972
180	-0.016129
181	0.030612
182	0.042105
183	0.015748
184	0.02
185	-0.0034965
186	0.023753
187	0.009009
189	0.0094044
190	0
191	0.045802
192	0.0125
193	0.0037777
194	0.011321
195	0
196	0.011494
197	0.0026846
198	0
199	-0.0062893
200	0.017606
201	0.0036258
202	0
203	0.010714
204	-0.023585
205	-0.0054795
206	-0.04
207	-0.029851
208	0
209	0.031008
210	0.0224
211	-0.12281
212	0.03352
213	-0.03125
214	0.081967
215	-0.043876
216	-0.011905
217	-0.015326
218	0.0065789
219	0.00091408
220	0.014286
221	0.0041667
222	0.004902
223	-0.0030675
224	-0.0068776
225	0.023121
226	-0.004902
227	-0.002584
228	-0.0085227
229	-0.04
230	-0.015075
231	0.010695
232	0.012195
233	0.0049917
234	-0.04
235	0.0083799
236	-0.0054348
237	0.0082645
238	0.011173
239	0.010969
240	0.015924
241	0.0059318
242	0.0032814
243	0
244	0.01005
245	0
246	-0.010417
247	0.0096712
248	0.0073529
249	0.02
250	-0.013986
251	-0.0067265
252	0.029851
253	0.014706
254	-0.0031712
255	-0.10145
256	0.02
257	0
258	0.052326
259	0.017544
260	-0.010989
261	0.0024691
262	0
263	0
264	-0.0087977
265	0.0098039
266	-0.0076628
267	0.035912
268	0
269	0.014085
270	0.027972
271	0.0058997
272	0.055556
273	-0.072581
274	-0.010101
275	0.008547
276	0
277	-0.0045045
278	-0.021186
279	-0.0071942
280	0.016181
281	-0.05618
282	0.0045455
283	-0.043478
284	0.021368
285	0.027559
286	0.0043478
287	-0.021008
288	0.044118
289	-0.0087912
290	0
291	-0.0051813
292	0
293	0
294	0
295	0
296	0
297	0
298	0
299	0
300	-0.031056
301	-0.015038
302	-0.038961
303	0.014327
304	0.016807
305	-0.1
306	0
307	0
308	0
309	0
310	-0.020833
311	0
312	0
313	0
314	0
315	0
316	0
317	-0.0071048
318	-0.016787
319	0.01
320	0
321	0
322	0
323	0.029851
324	0.0094787
325	0
326	0
327	0.051471
328	0.0049505
329	-0.015748
330	0.017442
331	0.0070922
332	0.0085106
333	0.017937
334	0
335	0.0050251
336	0.0039216
337	0.0051813
338	0.0090909
339	0
340	0
341	0
342	0
343	0.0040486
344	0
345	0.0052817
346	0.0035211
347	-0.012121
348	0
349	0.028369
350	0.021277
351	0.011765
352	0
353	-0.055838
354	0.055249
355	0.0025445
356	0.0092593
357	0.0059172
358	0.069444
359	-0.0090909
360	-0.036364
361	0.0067114
362	0
363	0.039216
364	0.02
365	0.016
366	0.016393
367	0.014286
368	0.029851
369	-0.0041494
370	-0.0041841
371	0.014286
372	0.027027
373	0.0090498
374	-0.0080645
375	0.042254
376	-0.022059
377	0.0064412
378	0.02521
379	-0.002805
380	0.0043668
381	-0.0041494
382	0
383	0.019231
384	0
385	0.0013298
386	0.0033003
387	0
388	0.016807
389	0
390	0.017391
391	0.015152
392	0.052459
393	0.021127
394	0.0057143
395	0.012552
396	0
397	0.002381
398	-0.013937
399	0.018957
400	0
401	0
402	0.0080645
403	-0.0096154
404	0
405	0.0025
406	0.0098039
407	-0.011111
408	0.0091743
409	-0.009901
410	0
411	0
412	0.0023529
413	0.0036232
414	0.019499
415	0.0014493
416	0.025424
417	0.02965
418	0.011905
419	0.021505
420	0.012987
421	-0.014706
422	0.0081301
423	0.016892
425	0.008
426	-0.005
427	0
428	0.0030713
429	0
430	0.007109
431	0.0059613
432	0.0025189
433	0.021053
434	0.02963
435	0.026627
436	0.047847
437	0.012255
438	0
439	0
440	0.012876
441	-0.013158
442	-0.0050125
443	0.025189
444	0.02457
445	0.0086083
446	-0.0040733
447	0.0038314
448	0.0046512
449	0
450	0.006192
451	0
452	-0.018779
453	0.02
454	0
455	0.0025189
456	0.031056
457	0.020408
458	0.07932
459	0.032
460	0
461	0.029687
462	-0.02
463	-0.083086
464	0.054054
465	0
466	0
467	-0.04
468	0
469	0
470	-0.015152
471	-0.021066
472	0
473	0
474	0
475	-0.039773
476	0.011494
477	0.045455
478	0.10938
479	0
480	0
481	0.0125
482	-0.011765
483	0.010217
484	0.012327
485	0.010606
486	0.057377
487	0.0225
488	-0.014706
489	0
490	0.020101
491	0
492	0.013423
493	-0.0049505
494	-0.0065789
495	0.043876
496	0.029851
497	0.009901
498	0.029777
499	0.04186
500	0.031809
501	-0.008427
502	-0.0036765
503	-0.0081081
504	-0.008547
505	-0.023026
506	-0.0010718
507	0.026432
508	0.016667
509	-0.0095238
510	0.033333
511	0.016949
512	0.022005
513	0.0083333
514	0.0042017
515	0.0066372
516	0.014706
517	0.013115
518	-0.016949
519	-0.015707
520	0
521	0.010174
522	0.020225
523	0.0057471
524	0
525	0
526	0.011173
527	0.0097087
528	0.0083799
529	0.0072072
530	0.006237
531	0.0027586
532	0.010601
533	-0.004329
534	0.0086957
535	-0.007371
536	0.015152
537	0.010671
538	0.04
539	0.0042373
540	0.012848
541	0.0070922
542	-0.015625
543	0
544	0.021978
545	0.0066225
546	0.0014085
547	0
548	-0.008982
549	0.014006
550	0.0021322
551	0
552	0.033708
553	0.015432
554	0.0099502
555	0.0070175
556	-0.0054945
557	0.011765
558	0.024876
559	0.011765
560	0.014778
561	0
562	0.0123
563	0.016049
564	-0.0093458
565	0.0125
566	0.029412
567	0.002907
568	0.0024814
569	-0.038889
570	-0.017143
571	0.011905
572	0.050505
573	0.086614
575	0.0076923
576	-0.015267
577	0.052
578	-0.027778
579	-0.013201
580	0
581	0
582	-0.047619
583	0.09396
584	-0.0048077
585	-0.11111
586	-0.037383
587	0.015625
588	0.032787
589	0
590	0.015504
591	-0.019608
592	0.15741
593	0.044248
594	0.072222
595	0.02
596	0.012739
597	-0.022059
598	0.0081967
599	-0.033195
600	0.019481
601	0.028846
602	0.079545
603	-0.005291
604	0.018692
605	0
606	-0.055046
607	-0.005291
608	0.02139
609	-0.0092593
610	0.025381
611	0.12329
612	-0.18062
613	-0.0077821
614	0.0057803
615	0
616	0.06
617	0.019704
618	0.014953
619	0.02
620	-0.0375
621	0.024169
622	-0.018072
623	0.027624
624	-0.003096
625	0.023346
626	-0.004
627	-0.011628
628	0.045455
629	0.0090674
630	-0.020649
631	0.012613
632	0.02
633	0.023188
634	-0.1203
635	0.045283
636	-0.012658
637	0.020253
638	0
639	0.022989
640	0.016854
641	0.055556
642	0
643	-0.0090909
644	-0.012121
645	0.029126
646	0.044041
647	0.020202
648	-0.047619
649	-0.13761
650	0.028169
651	0.053691
652	0
653	-0.026104
654	-0.0068259
655	0.12667
656	-0.047493
657	0.0030896
658	-0.08
659	0.017391
660	-0.027149
661	0.016807
662	0.035088
663	0.023256
664	0.12552
665	0.010782
666	-0.0065217
667	0.038217
668	0.072289
669	0.0059084
670	0.019305
671	0.016043
672	0.023256
673	-0.013216
674	0.011647
675	0
676	-0.029661
677	-0.10448
678	-0.1982
679	-0.052083
680	0.0199
681	0.013699
682	0.009901
683	0.021277
684	0.02
685	-0.0024876
686	0
687	0.02
688	0
689	0
690	0.023256
691	0
692	0
693	0.0021645
694	-0.026316
695	0.034783
696	0.020408
697	-0.046512
698	-0.0125
699	0.02
700	0.028818
701	-0.018018
702	-0.0030211
703	0.024876
704	-0.026786
705	-0.037383
706	0.037736
708	0.0092166
709	0.025641
710	0.0099668
711	0.017544
712	-0.0043103
713	0.0040161
714	0
715	0
716	0.0061728
717	0.0039063
718	0.004171
719	0
720	0
721	0
722	0
723	0
724	0
725	-0.013908
726	0.012483
727	0
728	0.010025
729	0.010101
730	0.0061162
731	0
732	-0.025126
733	0.023923
734	0.022556
735	0
736	0.034314
737	-0.013196
738	0
739	-0.0049628
740	-0.002457
741	-0.0095238
742	-0.0047393
743	0
744	-0.0050505
745	-0.0066007
746	0.0018215
747	0.022814
748	0
749	0.0043668
750	0
751	-0.0033333
752	0
753	-0.012438
754	0.01
755	0.0049505
756	0.009901
757	0.014706
758	0.0024876
759	0.019802
760	0.0045351
761	-0.0087719
762	0
763	0.013393
764	-0.020942
765	0.010309
766	0
767	-0.010309
768	0.020942
769	0.012315
770	0.009009
771	0.0087527
772	0.014815
773	0.0053004
774	0.025907
775	-0.0023041
776	-0.0048077
777	0.0086527
778	0
779	0.0065189
780	-0.0045351
781	0.065934
782	0.019802
783	0.013393
784	-0.06
785	0.032967
786	0.0052356
787	-0.021505
788	-0.016129
789	0.038835
790	-0.010526
791	0
792	-0.01
793	-0.0098039
794	-0.0098522
795	0.071066
796	-0.03125
797	-0.010471
798	0
799	-0.022556
800	0.005814
801	0
802	0.0080972
803	0
804	-0.0026525
805	-0.0090909
806	0.0068027
807	0.02
808	0.02
809	-0.048387
810	0.018868
811	0.0084034
812	0
813	0.044118
814	0.018182
815	-0.02
816	-0.059406
817	0.083056
818	0.011494
819	0.015152
820	0.012739
821	0.0040816
822	0.0025189
823	0
824	0
825	0
826	-0.011494
827	-0.022222
828	0.0052083
829	-0.014925
830	0
831	-0.0082645
832	0.007874
833	0.0081967
834	0.007874
835	0.0086207
836	-0.0036765
837	0
838	0.0097561
839	-0.051587
840	-0.10853
841	0.0040323
842	-0.066667
843	-0.03268
844	-0.009009
845	-0.023438
846	0.06422
847	0.040541
848	0
849	-0.016835
850	0.020619
851	0
852	0.020833
853	-0.010953
854	0.023438
855	0.032995
856	-0.006135
857	0.035
858	0.053846
859	-0.028286
860	-0.042553
861	0
862	0.04
863	0.032895
864	0.015504
865	0.0079051
866	0.027027
867	0.040724
868	-0.02439
869	0.0080321
870	0.064865
871	-0.077519
872	-0.032
873	-0.042857
874	0.0076336
875	0
876	0.012931
877	0.0040161
878	0.005
879	0.0040486
880	0.010363
881	0.0042373
882	0.0057471
883	0.015873
884	0.0051546
885	0
886	0.0079893
887	0.015748
888	0.0069686
889	0.064039
890	0.07732
891	0
892	0
893	0.004329
894	0.0021097
895	0.0046948
896	0.0071429
897	0.0048544
898	-0.024194
899	-0.010309
900	0.0065789
901	0.015936
902	-0.018182
903	-0.049774
904	0.03268
905	0.0071942
906	0.018957
907	-0.0075758
908	0.017699
909	-0.072674
910	0.063348
911	-0.053061
912	-0.0075901
913	0.058333
914	-0.026596
915	-0.010526
916	0.0035149
917	0.0082988
918	0.041667
919	0.012658
920	0.009009
921	0.038462
922	0.10909
923	0.016667
924	0.019512
925	0.020979
926	0.0017271
927	0.0053476
928	-0.056604
929	-0.035088
930	-0.029268
931	-0.029703
932	0.029703
933	0.019231
934	-0.0045045
935	-0.022624
936	0.020134
937	0
938	-0.012766
939	0.029412
940	0.0097087
941	0.012346
942	0.013158
943	0.0097087
944	-0.022727
945	0
946	0
947	0
948	0.014535
949	0.005814
950	0.021645
951	-0.0045045
952	0.014085
953	0.066176
954	0.0060976
955	-0.12
956	-0.028571
957	-0.02
958	-0.0064103
959	-0.028302
960	-0.042553
961	-0.016736
962	0
963	-0.14
964	-0.065421
965	-0.02
966	0.0031646
967	0.033473
968	0.0076336
969	0.0096852
970	0.005618
971	0.0057143
972	0
973	-0.0069444
974	-0.0064103
975	0.0027027
976	0.0049261
977	0.011364
978	0.0081967
979	0.002805
980	0.00369
981	0
982	0.011236
983	-0.043796
985	0.041176
986	0.0046041
987	0.0036364
988	0.035461
989	0.095238
990	-0.081481
991	0
992	0.045113
993	0.026471
994	0
995	-0.0043478
996	0.019608
998	0.0079365
999	0.0072464
1000	0.0030912
1001	0.0007485
1002	-0.014458
1003	0.0071685
1004	0
1005	0
1006	-0.010786
1007	0
1008	-0.021739
1009	-0.030702
1010	0.028571
1011	-0.0044053
1012	0.005
1013	-0.009901
1014	0.031579
1015	0.0018416
1016	0
1017	-0.0038735
1020	0
1021	0.02
1022	-0.01462
1023	0.003251
1024	0.02716
1025	0
1026	0.0057803
1027	0.0056497
1028	-0.009324
1029	0.0048077
1030	0.005
1031	0
1032	0
1033	0
1034	0.0050761
1035	0.051948
1036	0.02
1037	0.043641
1038	0
1039	0.002809
1040	-0.0028571
1041	0.025
1042	0.022663
1043	0
1044	0
1045	-0.089286
1046	-0.04
1047	-0.012746
1048	0
1049	0
1050	0.017621
1051	0.018519
1052	0
1053	0
1054	-0.079681
1055	0.015152
1056	0
1057	0.081818
1058	-0.0045455
1059	-0.0077973
1060	-0.0037807
1061	-0.027248
1062	0.023214
1063	0.02693
1064	-0.0015106
1065	-0.0038388
1066	0.0048544
1067	-0.0074074
1068	-0.015337
1069	0.031746
1070	0.046092
1071	-0.0037313
1072	-0.029851
1073	0.046784
1074	0.0035524
1075	-0.0048154
1076	0
1077	0
1078	0.02974
1079	-0.012315
1080	0.0050125
1081	0
1082	-0.064897
1083	0
1084	0.017182
1085	0
1086	-0.020455
1087	0.018265
1088	-0.0020661
1089	0.0067114
1090	-0.012821
1091	0.016313
1092	-0.016878
1093	-0.0041408
1094	0.0056391
1095	0.0079365
1096	0.007728
1097	-0.0065789
1098	-0.015639
1099	-0.02635
1100	-0.002994
1101	-0.0030864
1102	0.012182
1103	0
1104	0.0074349
1105	0
1106	0.043243
1107	0.023973
1108	0.034398
1109	-0.039007
1110	0
1111	0
1112	-0.05364
1113	0.013889
1114	-0.0014006
1115	-0.010444
1116	0.020548
1117	0.005597
1118	0
1119	-0.0048135
1120	0.012571
1121	0.0064851
1122	0.0067797
1123	0.026462
1124	-0.031359
1125	0.0042553
1126	-0.033333
1127	0.040984
1128	0.0018674
1129	-0.002994
1130	-0.0049261
1131	0.020716
1132	-0.021505
1133	0.044025
1134	-0.013944
1135	-0.090909
1136	0.019284
1137	0.0045977
1138	0.022648
1139	0
1140	-0.010067
1141	0
1142	-0.0036855
1143	0.0034364
1144	-0.045283
1145	0.016771
1146	-0.0080645
1147	0.0028653
1148	-0.00094787
1149	0.0022272
1150	0
1151	0
1152	0.0070175
1153	0
1154	0.0049261
1155	0.0035398
1156	0.014118
1157	0.10092
1158	-0.0061602
1159	-0.017276
1160	-0.0091743
1161	-0.0036496
1162	-0.010417
1163	-0.0035714
1164	-0.027397
1165	0.04
1166	-0.0067935
1167	0.034965
1168	0.0016639
1169	0.0029326
1170	0.005
1171	-0.0054795
1172	0.0033333
1173	-0.0034843
1174	0.0018939
1175	0.0079523
1176	-0.007326
1177	-0.0027211
1178	0
1179	0
1180	0
1181	0
1182	0
1183	0
1184	-0.0068027
1185	0
1186	0
1187	0.082353
1188	-0.012903
1189	0
1190	0
1191	0.017391
1192	-0.0052632
1193	0
1194	0.0053333
1195	-0.017341
1196	-0.0041265
1197	-0.0056497
1198	0
1199	0.0092593
1200	0.0069444
1201	0.0040107
1202	0.048611
1203	0
1204	-0.0084388
1205	0.0081301
1206	0.01434
1207	0.085714
1208	0
1209	-0.0087977
1210	-0.014412
1211	-0.071795
1212	0.013158
1213	0.0012438
1214	-0.020833
1215	-0.0082645
1216	0.0084459
1217	0.011442
1218	-0.005305
1219	0
1220	0.0043668
1221	-0.018803
1222	0.0065147
1223	-0.0031153
1225	-0.020134
1226	0.010309
1227	0.010753
1228	-0.012903
1229	0.011611
1230	-0.0098425
1231	0.0032468
1232	0.02
1233	0.0032154
1234	-0.07326
1235	0.0065963
1236	0.063063
1237	0
1238	0.0064103
1239	0
1240	-0.1
1241	0.04661
1242	-0.0054945
1243	0.020882
1244	-0.011457
1245	0.017857
1246	-0.058172
1247	0.035821
1248	0.0089686
1249	0.024272
1250	-0.016548
1251	-0.0035971
1252	0.004065
1253	0.0031949
1254	0.013986
1255	-0.0071372
1256	0.027273
1257	0
1258	0.0069204
1259	0.0090498
1260	-0.0034783
1261	0.0051546
1262	-0.02
1263	-0.0073937
1264	0
1265	-0.017442
1266	0
1267	0.0098039
1268	0
1269	0.0054945
1270	0
1271	0
1272	0
1273	0.012658
1274	0
1275	0
1276	0.0079365
1277	0.0013441
1278	0
1279	0
1280	0.0023148
1281	0
1282	0
1283	0.0048544
1284	0.007722
1285	0.0020305
1286	-0.0035587
1287	0
1288	-0.0030349
1289	-0.003125
1290	0
1291	0
1292	0
1293	0.014184
1294	0.03204
1295	0
1296	0.016086
1297	0
1298	0
1299	0.016949
1300	-0.0063291
1301	0.032
1302	0.0090634
1303	-0.0067568
1304	0.048544
1305	0.016667
1306	0.051163
1307	0
1308	-0.074349
1309	0
1310	-0.043478
1311	0.06044
1312	-0.003876
1313	0.024079
1314	-0.035461
1315	0
1316	0
1317	0
1318	0.057471
1319	0.015038
1320	-0.0092593
1321	0.056522
1322	0.1831
1323	0.080808
1324	0
1325	0.016667
1326	0.055072
1327	-0.15957
1328	-0.0041841
1329	-0.036036
1330	0.0046512
1331	-0.071174
1332	0
1333	-0.1
1334	-0.060606
1335	-0.02
1336	0.017915
1337	0.0023923
1338	-0.01676
1339	0.055249
1340	0
1341	-0.091954
1342	0.0066667
1343	-0.04
1344	-0.042105
1345	0.043478
1346	0.012579
1347	0.002551
1348	0
1349	0
1350	0.0019048
1351	0.0025
1352	0.0062305
1353	0.015625
1354	0
1355	0.0045872
1356	0.0031949
1357	-0.0052632
1358	0
1359	0
1360	0
1361	-0.0023697
1362	0
1363	0
1364	0
1365	0
1366	0
1367	-0.0041754
1368	0.013095
1369	-0.01397
1370	0.012077
1371	0
1372	0
1373	0
1374	0
1375	-0.0057143
1376	0.0029851
1377	-0.0020833
1378	-0.011325
1379	0.0065789
1380	-0.046992
1381	0
1382	0.0069124
1383	0.0056818
1384	0
1385	0
1386	0
1387	0.010989
1388	0
1389	-0.037815
1390	-0.015766
1391	-0.0031546
1392	0.013413
1393	-0.012552
1394	0
1395	0.0033113
1396	0
1397	-0.02381
1398	-0.063091
1399	0.0021692
1400	0.0069204
1401	0
1402	0.0044248
1403	-0.024793
1404	0.039427
1405	0
1406	0
1407	-0.017391
1408	-0.0075269
1409	-0.008016
1410	-0.0041068
1411	0.038123
1412	0.0016694
1413	0.0017361
1414	-0.01354
1415	-0.0015129
1416	0.027273
1417	0.0042463
1418	0.057831
1419	-0.010819
1420	0.029412
1421	0.014599
1422	0.01087
1423	0.0030211
1424	-0.0027397
1425	0
1426	0
1427	0.024169
1428	0
1429	-0.00369
1430	0.0032895
1431	-0.0020661
1432	-0.016529
1433	-0.0046189
1434	0.02
1435	0.046429
1436	0.0018762
1437	-0.0054945
1438	0.0085911
1439	0.015228
1440	0.012681
1441	0.0040268
1442	0.036232
1443	-0.024145
1444	-0.032143
1445	0.010274
1446	-0.043956
1447	0.0017422
1448	0
1449	0.0022523
1450	-0.032432
1451	-0.0045386
1452	-0.0013333
1453	0.0054545
1454	0.014862
1455	0.020253
1456	0
1457	0.012953
1458	-0.017699
1459	0.013514
1460	0.039216
1461	-0.026804
1462	-0.069444
1463	0.04
1464	0
1465	-0.0023148
1466	-0.022371
1467	-0.0068182
1468	0
1469	0.0040984
1470	0.0098039
1471	0.020566
1472	0
1473	0.0092593
1474	-0.0075188
1475	0.0045767
1476	0.028674
1477	-0.003663
1478	-0.0066667
1479	-0.042636
1480	0.056478
1481	0.045936
1482	0
1483	-0.056291
1484	0
1485	0
1486	-0.0087083
1487	-0.015873
1488	0.091787
1489	-0.0082136
1490	0.031496
1491	-0.024845
1492	-0.043062
1493	-0.0080972
1494	0.0064935
1495	0.059701
1496	-0.0071259
1497	0
1498	0
1499	0
1500	0.022124
1501	0.011905
1502	-0.0049938
1503	-0.0051282
1504	-0.011858
1505	-0.0034843
1506	-0.056338
1507	0.0073892
1508	-0.020833
1509	0
1510	-0.024664
1511	-0.018519
1512	0.015
1513	0.014433
1514	0.0088106
1515	0.0052301
1516	-0.003736
1517	0.0075472
1518	0.0018282
1519	0.0085227
1520	0.010929
1521	0
1522	-0.022624
1523	0.022624
1524	-0.010017
1525	0.044776
1526	0.0025707
1527	-0.0033784
1528	0
1529	0.015686
1530	-0.018987
1531	0.009434
1532	0
1533	0
1534	-0.017467
1535	-0.005
1536	-0.002611
1537	-0.0085106
1538	-0.022814
1539	0.020408
1540	-0.016698
1541	-0.017182
1542	0
1543	-0.021073
1544	0.0028818
1545	0.015773
1546	0.01145
1547	0
1548	0.02069
1549	0.020921
1550	-0.025424
1551	-0.0060976
1552	-0.038071
1553	-0.014925
1554	-0.4
1555	0.02
1556	0.02834
1557	0.0069444
1558	0
1559	0.0039947
1560	-0.019608
1561	-0.035928
1562	-0.0036036
1563	0.018927
1564	-0.57627
1565	0.014286
1566	0
1567	0.0042827
1568	0.0033333
1569	-0.005848
1570	-0.075
1571	0.016129
1572	-0.01626
1573	-0.016327
1574	-0.016461
1575	-0.0069686
1576	-0.031496
1577	-0.014778
1578	0.034602
1579	0.013333
1580	-0.0057143
1581	0
1582	-0.028333
1583	0.055556
1584	0
1585	0.029605
1586	-0.035176
1587	-0.0075758
1588	0.009375
1589	-0.013333
1590	0.010989
1591	0
1592	-0.0035211
1593	0.0033333
1594	0.0081301
1595	0
1596	0.025455
1597	0
1598	0.002809
1599	0.0015723
1600	0.023305
1601	0
1602	0.028881
1603	0.0067227
1604	0.014035
1605	0.025445
1606	-0.059441
1607	-0.080429
1608	-0.035948
1609	0.0065789
1610	0
1611	0
1612	0.14
1613	0
1614	0.01634
1615	-0.011976
1616	0.022599
1617	-0.014286
1618	0.0099206
1619	-0.026178
1620	0
1621	0.020958
1622	0.015015
1623	0.0081967
1624	-0.014815
1625	0.020408
1626	-0.0087977
1627	-0.0092937
1628	-0.0093458
1629	-0.0092593
1630	0.026756
1631	0.04065
1632	-0.0079114
1633	-0.006
1634	-0.010204
1635	-0.014644
1636	-0.0086957
1637	-0.0077821
1638	0.00625
1639	-0.0043478
1640	-0.01
1641	0.017157
1642	0.0076628
1643	-0.03719
1644	0.032419
1645	0.018405
1646	-0.0074074
1647	0.01049
1648	-0.0030303
1649	0
1650	0
1651	0
1652	0
1653	-0.0094937
1654	0.0038023
1655	0.0037879
1656	0.0044543
1657	0
1658	0
1659	0
1660	0.0021322
1661	-0.0020408
1662	0
1663	-0.0092593
1664	0.0058962
1665	-0.013889
1666	-0.0069444
1667	0.0053004
1668	0.014706
1669	0.013566
1670	0
1671	0
1672	0.023256
1673	0.0029499
1674	0
1675	0
1676	0.011236
1677	-0.0049505
1678	-0.015564
1679	-0.021583
1680	-0.0068259
1681	0.008427
1682	0
1683	0.017182
1684	-0.0040486
1685	0.010417
1686	-0.0052632
1687	-0.013333
1688	-0.011494
1689	-0.003876
1691	-0.0080645
1692	0
1693	0
1694	0.004
1695	0.011494
1696	0.041667
1697	0.0057143
1698	0.01118
1699	0
1700	0.024306
1701	-0.018519
1703	-0.016043
1704	-0.0066445
1705	0
1706	0.005848
1707	0.022624
1708	-0.0027473
1709	0
1710	0.0075988
1711	0
1712	0.012626
1713	0
1714	-0.010638
1715	0.010169
1716	0.013825
1717	-0.0078125
1718	0.03231
1719	0.010204
1720	-0.0065359
1721	0.0055556
1722	-0.034843
1723	0
1724	0.044643
1725	-0.044643
1726	-0.0199
1727	0
1728	-0.016667
1729	0
1730	0
1731	0.0093677
1732	0.0098039
1733	0.0084986
1734	0.004717
1735	0.0131
1736	0.011547
1737	-0.0209
1738	0.007874
1739	-0.030303
1740	0
1741	0.022599
1742	0.0030211
1743	0.007874
1744	0.00894
1745	0.0015873
1746	0.011194
1747	0.016209
1748	0.011429
1749	0.0088235
1750	0.0079365
1751	0.02
1752	0.021008
1753	0.0051813
1754	-0.025641
1755	0.01004
1756	-0.008547
1757	-0.075556
1758	0
1759	0.0048544
1760	0.011299
1761	0.016771
1762	-0.028571
1763	0.0072464
1764	0
1765	0.0030644
1766	0
1767	0
1768	-0.047809
1769	-0.036199
1770	0.026786
1771	-0.0094251
1772	0.05641
1773	0.041667
1774	0.1
1775	0.0067568
1776	-0.01087
1777	0.0075377
1778	-0.02439
1779	0.024
1780	0
1781	0.027295
1782	-0.043478
1784	0.0033223
1785	-0.014563
1786	-0.008
1787	-0.005
1788	0
1789	-0.0068729
1790	0.004329
1791	0.014907
1792	0.028571
1793	-0.015152
1794	0
1795	0.013682
1796	-0.0014124
1797	0.0062696
1798	-0.015152
1799	0.0089286
1800	0.025157
1801	-0.00123
1802	0.015366
1803	0.004329
1804	0.0066667
1805	0.0058824
1806	-0.015385
1807	-0.0082988
1808	0.024664
1809	0.036842
1810	0.01157
1811	0.039216
1812	-0.012346
1813	0.017241
1814	-0.011494
1815	0.028871
1816	-0.030303
1817	0.035842
1818	0.044843
1819	-0.02071
1820	0.033742
1821	-0.042029
1822	0.048309
1823	-0.017094
1824	-0.025952
1825	-0.060465
1826	-0.016129
1827	0.0076336
1828	0
1829	0.010941
1830	0.0079365
1831	0.0086527
1832	0.014577
1833	-0.0028902
1834	0.0098888
1835	0.015
1836	-0.019231
1837	-0.0065041
1838	0.0076923
1839	0.0081301
1840	-0.035
1841	0.012531
1842	-0.015748
1843	-0.021776
1844	0.054187
1845	-0.0036101
1846	0.005618
1847	-0.00978
1848	-0.021505
1849	0.0060729
1850	-0.0029586
1851	0.0038462
1852	0.0047393
1853	-0.0075188
1854	0.0099502
1855	-0.0060241
1856	0.021978
1857	0.038095
1858	-0.032432
1859	0.0054945
1860	-0.021818
1861	0.018868
1862	-0.023529
1863	0.004878
1864	0.004902
1865	0.009901
1866	-0.01
1867	0.021277
1868	0.010695
1869	-0.009901
1870	0.26154
1871	-0.019231
1872	-0.029268
1873	-0.01005
1874	0.009901
1875	0.004902
1876	0
1877	0.0047847
1878	0
1879	0.045455
1880	0.065574
1881	-0.0083682
1882	0
1883	-0.029412
1884	0.011494
1885	-0.022792
1886	0
1887	-0.005102
1888	0
1889	0
1890	-0.0051282
1891	-0.0039841
1892	0.049505
1893	-0.0097087
1894	0
1895	0.048
1896	0.033333
1897	0
1898	0
1899	0.00369
1900	-0.009009
1901	0
1902	0
1903	0
1904	-0.008
1905	-0.010033
1906	0.010941
1907	0.019608
1908	0.053061
1909	-0.0056022
1910	0.02
1911	0.023988
1912	-0.032934
1913	0
1914	-0.017143
1915	0.0063291
1916	-0.0046875
1917	0
1918	0.0089286
1919	0.0063158
1920	0
1921	0.013605
1922	0.0083333
1923	-0.026578
1924	-0.010893
1925	-0.0074184
1926	0.03125
1927	0.046632
1928	0
1929	0.008547
1930	-0.023055
1931	0.018519
1932	-0.02
1933	0.017544
1934	-0.0026643
1935	-0.050251
1936	-0.032258
1937	-0.031941
1938	-0.020725
1939	-0.0034247
1940	-0.0080645
1941	-0.010417
1942	0.010753
1943	-0.011246
1944	-0.0093458
1945	-0.0062893
1946	0.02381
1947	0.011236
1948	0.013193
1949	0.004
1950	0.040462
1951	-0.15385
1952	0.063063
1953	-0.007874
1954	0.022472
1955	0.052174
1956	-0.013477
1957	0
1958	-0.0071942
1959	-0.017544
1960	-0.0052219
1961	0.0013158
1962	0.019293
1963	-0.02
1964	0.017241
1965	0
1966	0.024938
1967	-0.0037453
1968	0.019851
1969	0.014778
1970	0.025316
1971	0.009901
1972	0.032448
1973	0.027778
1974	-0.0037037
1975	-0.018987
1976	0.032338
1977	0.0074627
1978	0.0089286
1979	0
1980	0.016129
1981	0.045775
1982	0.008982
1983	0.024691
1984	0.002457
1985	0.01737
1986	0.0074257
1987	0
1988	0.022277
1989	0.00053447
1990	0.014045
1991	0.0024876
1992	0.02381
1993	0.024
1994	0.011834
1995	0.0037879
1996	-0.033639
1997	0.0092593
1998	-0.015385
1999	-0.010204
2000	0.011111
2001	0
2002	0.019268
2003	-0.0043478
2004	0.025878
2005	-0.0048544
2006	0.021277
2007	0.0086059
2008	-0.019704
2009	0.016069
2010	0.003096
2011	-0.0042373
2012	-0.0050251
2013	-0.013889
2014	0
2015	0.0057143
2016	0.052288
2017	-0.04
2018	-0.025
2019	-0.043103
2020	-0.028754
2021	-0.022727
2022	-0.027875
2023	0.019432
2024	-0.017647
2025	0.012048
2026	-0.0093458
2027	0.018711
2028	0.019444
2029	-0.014728
2030	-0.031746
2031	0.03125
2032	0.015275
2033	0
2034	-0.0015699
2035	-0.0051635
2036	-0.003268
2037	0.019685
2038	0
2039	-0.0035461
2040	0
2041	0.0037688
2042	0
2043	0.0065359
2044	0.017422
2045	0.011925
2046	-0.011925
2047	-0.0072289
2048	-0.0026247
2049	-0.012788
2050	0.0037879
2051	-0.0077882
2052	0
2053	0.0050505
2054	0.015873
2055	0.040404
2056	0.078591
2057	0.02439
2058	0.007874
2059	0.0054945
2060	0.0079365
2061	0.0097087
2062	0.0024331
2063	0.016667
2064	0
2065	-0.003736
2066	0.0024907
2067	0
2068	-0.0034722
2069	-0.015075
2070	-0.00883
2071	0.0025445
2072	-0.0077922
2073	0.0086655
2074	0.016978
2075	-0.025
2076	-0.044534
2077	0.0022173
2078	-0.017456
2079	-0.0051414
2080	0.0014663
2081	-0.010221
2082	0
2083	-0.0071942
2084	0.005168
2085	-0.0014663
2086	0.0070423
2087	-0.0070423
2088	0.012456
2089	0.005291
2090	0
2091	0.0071942
2092	0.0037783
2093	-0.0024814
2094	0
2095	0.004878
2096	0.016509
2097	-0.011962
2098	0.012658
2099	0.0125
2100	-0.0084459
2101	0.0050505
2102	0.0023202
2103	0
2104	0.013283
2105	0
2106	-0.032258
2107	0.0066445
2108	0.014159
2109	0
2110	0
2111	-0.005
2112	0
2113	0.0083333
2114	0.0084034
2115	0.004717
2116	0.0071942
2117	0
2118	0.030075
2119	0.069231
2120	0.028846
2121	0
2122	-0.018519
2123	-0.015873
2124	0.015075
2125	0.03937
2126	0.14851
2127	0
2128	0
2129	0
2130	0.014851
2131	0.0078125
2132	0.011792
2133	-0.016766
2134	0.005618
2135	0
2136	-0.0016051
2137	-0.015873
2138	0
2139	0.08
2140	0.013605
2141	0.0049505
2142	0.00625
2143	0.0051414
2144	-0.0065617
2145	0.042553
2146	-0.014286
2147	-0.028169
2148	-0.0083333
2149	-0.0088235
2150	-0.015873
2151	-0.016
2152	0.0054348
2153	0.0087719
2154	0
2155	0.012195
2156	0.0051813
2157	0.0077519
2158	0
2159	0.0049751
2160	-0.010989
2161	-0.015385
2162	0
2163	0
2164	0.0076336
2165	0
2166	-0.0065646
2167	-0.0025641
2168	-0.010526
2169	0
2170	0
2171	0.0055096
2172	0
2173	0.0079051
2174	0
2175	0.008547
2176	0
2177	0
2178	0.0045662
2179	0
2180	0.0028736
2181	0
2182	0
2183	0
2184	-0.0081301
2185	0.015119
2186	-0.0024752
2187	-0.011152
2188	0.021021
2189	0.005
2190	-0.0019646
2191	-0.0046296
2192	0.0051813
2193	0.0038314
2194	0.0034014
2195	0.0057803
2196	0
2197	-0.0047393
2198	-0.0044248
2199	0.0060606
2200	-0.0060606
2201	0.0057471
2202	0
2203	0.019108
2204	0.0042105
2205	0.0044843
2206	0.0056497
2207	0
2208	0.0068027
2209	0
2210	0.0059172
2211	0.00246
2212	-0.0050125
2213	0
2214	-0.029412
2215	-0.0028653
2216	0.0075188
2217	0.034483
2218	-0.016575
2219	-0.080189
2220	0.042453
2221	0.051724
2222	-0.034247
2223	0.038911
2224	-0.12048
2225	0.013699
2226	-0.015625
2227	-0.030303
2228	0.075758
2229	0.039683
2230	0.0098039
2231	0.05303
2232	-0.013514
2233	0
2234	0
2235	-0.014286
2236	0.024194
2237	0
2238	0
2239	0.013544
2240	0.0025974
2241	-0.003876
2242	0.0021186
2243	0.0054945
2244	0.003736
2245	0.0066225
2246	0.02451
2247	0.0069767
2248	0.004415
2249	0.005
2250	0.008489
2251	0.014706
2252	0.014706
2253	0.016667
2254	0.014925
2255	0.0073099
2256	0.001692
2257	0
2258	-0.0059172
2259	0.020755
2260	0.0081301
2261	0.026442
2262	0.020619
2263	0.0029499
2264	0.0061728
2265	0.0024876
2266	0.017361
2267	-0.010714
2268	0.0012376
2269	0.02
2270	0
2271	-0.0090909
2272	0.00075358
2273	0.047619
2274	0
2275	-0.013937
2276	-0.012552
2277	-0.0054348
2278	0.0033898
2279	-0.0022883
2280	0.0023256
2281	0.0035842
2282	0.0064103
2283	-0.0031847
2284	0
2285	0.022831
2286	0.010076
2287	0
2288	0
2289	-0.0025445
2290	0.00883
2291	-0.01108
2292	0.01108
2293	0.011962
2294	0
2295	0.0051546
2296	-0.0066225
2297	0.0055249
2298	0.017456
2299	-0.014159
2300	-0.01087
2301	-0.0049261
2302	-0.005168
2303	-0.0078125
2304	-0.0049261
2305	-0.0022173
2306	0
2307	0.016667
2308	-0.0045872
2309	0
2310	-0.022222
2311	0
2312	0.005102
2313	0.0039841
2314	-0.0037783
2315	0
2316	-0.010309
2317	-0.02451
2318	0
2319	-0.0040161
2320	0.0065617
2321	-0.00246
2322	0.0050125
2323	-0.0052083
2324	0
2325	0
2326	0
2327	-0.0052632
2328	0
2329	-0.011494
2330	0
2331	0
2332	0
2333	0
2334	0
2335	0
2336	0
2337	-0.0048544
2338	0
2339	0
2340	-0.0058651
2341	-0.0046404
2342	-0.005618
2343	0
2345	-0.0054348
2346	0
2347	0
2348	-0.005
2349	-0.0035088
2350	0
2351	0
2352	0
2353	-0.0065789
2354	0
2356	-0.0092593
2357	0.014851
2358	0.0050251
2359	0
2360	0
2361	0
2362	0.0043103
2363	0
2364	0
2365	-0.0066225
2366	-0.0049751
2367	-0.0025974
2368	0.0042553
2369	-0.0097087
2370	0
2371	0.0047059
2372	-0.0037175
2373	-0.0050125
2374	-0.0054945
2375	0
2376	0
2377	-0.0043478
2378	0
2379	-0.0035842
2380	0
2381	-0.0034364
2382	0
2383	-0.00369
2384	0
2385	0.0019646
2386	0.013889
2387	-0.008489
2388	0
2389	0
2390	-0.0024938
2391	0
2392	-0.0040984
2393	-0.0048077
2394	-0.004415
2395	0
2396	-0.0076628
2397	-0.0035211
2398	0
2399	0
2400	-0.005
2401	0
2402	0
2403	0
2404	0
2405	0
2406	0
2407	-0.0022523
2408	-0.0032787
2409	0
2410	-0.0049834
2411	-0.0046512
2412	0.0034965
2413	-0.023753
2414	-0.009009
2415	-0.0083333
2416	-0.026471
2417	-0.0071942
2418	-0.045802
2419	0.016766
2420	-0.019685
2422	-0.012327
2423	-0.03231
2424	0.04
2425	0.015075
2426	-0.010695
2427	-0.012195
2428	-0.015924
2429	0.04
2430	-0.021008
2431	-0.01145
2432	-0.018519
2433	-0.0082645
2434	-0.020921
2435	-0.010969
2436	-0.011173
2437	0.010417
2438	0
2439	-0.01005
2440	0
2441	-0.0015723
2442	0
2443	-0.0073529
2444	-0.02
2445	0.013986
2446	-0.029851
2447	-0.014706
2448	0.10145
2449	-0.02
2450	0
2452	-0.017544
2453	0.010989
2454	-0.0032814
2455	-0.0049917
2456	-0.0096712
2457	0.1
2458	0
2459	0
2460	0
2461	0.020833
2462	0
2463	-0.0093677
2464	-0.0036364
2465	0
2466	0
2467	0
2468	0
2469	0.016787
2470	-0.010169
2471	-0.01
2472	-0.0054945
2473	0
2474	0
2475	0
2476	-0.029851
2477	-0.0049505
2478	-0.002381
2479	0
2480	-0.051471
2481	0.015748
2482	-0.017442
2483	-0.0070922
2484	-0.0085106
2485	-0.015119
2486	-0.017937
2487	-0.0039216
2488	-0.0050251
2489	-0.0051813
2490	-0.0090909
2491	0
2493	0
2494	0
2495	-0.0034014
2496	-0.0040486
2497	0
2498	0
2499	-0.0035211
2500	-0.013605
2501	0
2502	-0.021277
2503	0
2504	0.055838
2505	0
2506	-0.0092593
2507	-0.055249
2508	-0.0059172
2509	0.0090909
2510	-0.0067114
2511	-0.0059172
2512	-0.005
2513	-0.0031447
2514	0
2515	-0.039216
2516	-0.02
2517	0.005
2518	-0.016
2519	-0.016393
2520	-0.014286
2521	-0.029851
2522	0.0041494
2523	0.0041841
2524	-0.014286
2525	-0.027027
2526	-0.0069444
2527	0.0209
2528	-0.0090498
2529	-0.01875
2530	0.01875
2531	-0.042254
2532	0.022059
2533	-0.02521
2534	0.0041494
2535	-0.019231
2536	0
2537	-0.0033003
2538	-0.033473
2539	0.013937
2540	-0.017391
2541	-0.015152
2542	-0.00369
2543	0.036697
2544	-0.021127
2545	-0.0042827
2546	-0.0057143
2547	-0.019499
2548	-0.0014493
2549	0.003268
2550	-0.019608
2551	-0.011905
2552	-0.021505
2553	-0.012987
2554	0.014706
2555	-0.0081301
2556	0
2557	-0.007109
2558	-0.0046041
2559	-0.02963
2560	-0.026627
2561	-0.047847
2562	-0.0072993
2563	0.0072993
2564	-0.0089286
2565	0.0037037
2566	-0.022305
2567	0.0037453
2568	-0.02457
2569	-0.031056
2570	-0.020408
2571	-0.032
2572	0
2573	0.02
2574	-0.0025189
2575	0.083086
2576	-0.054054
2577	0
2578	-0.010782
2579	0.04
2580	0
2581	0
2582	0.025641
2583	-0.01004
2584	0.075556
2585	0
2586	0
2587	-0.011494
2588	0.0020408
2589	-0.0058962
2590	-0.045455
2591	-0.10938
2592	0
2593	0
2594	-0.0125
2595	-0.010217
2596	0.005
2597	-0.0036258
2598	-0.057377
2599	-0.0225
2600	0.014706
2601	0
2602	-0.07932
2603	-0.020101
2604	0
2605	-0.013423
2606	-0.012255
2607	-0.029851
2608	-0.014778
2609	-0.031809
2610	-0.009901
2611	-0.029777
2612	-0.024
2613	-0.0021322
2614	-0.033708
2615	-0.016667
2616	0.0095238
2617	-0.0066372
2618	-0.033333
2619	-0.016949
2620	-0.022005
2621	-0.0083333
2622	-0.0042017
2623	-0.026432
2624	-0.014706
2625	-0.01118
2626	-0.013115
2627	0.016949
2628	0.015707
2629	0
2630	-0.0057471
2631	0
2632	-0.0089286
2633	0.0014124
2634	-0.011173
2635	-0.0066667
2636	-0.0097087
2637	-0.020225
2638	-0.0027586
2639	-0.010601
2640	0.015385
2641	-0.0058824
2642	0.00123
2643	-0.04
2644	-0.004329
2645	-0.0070922
2646	0.015625
2647	0
2648	-0.021978
2649	-0.028571
2650	0.028571
2651	-0.0066225
2652	0
2653	-0.027273
2654	0
2655	-0.0079365
2656	0.008
2657	0
2658	-0.01737
2659	0.0054945
2660	-0.011765
2661	0.0066445
2662	-0.024876
2663	-0.011765
2664	-0.014778
2665	0
2666	-0.013682
2667	0.0093458
2668	-0.0125
2669	-0.0070175
2670	-0.029412
2671	-0.09396
2672	-0.015936
2673	0.0048077
2674	0.11111
2675	0.037383
2676	-0.015625
2677	-0.032787
2678	0
2679	-0.015504
2680	0.019608
2681	-0.15741
2682	-0.044248
2683	-0.072222
2684	-0.02
2685	-0.012739
2686	0.022059
2687	-0.0081967
2688	0.033195
2689	-0.019481
2690	-0.028846
2691	-0.079545
2692	0.005291
2693	0
2694	0.055046
2695	0.005291
2696	-0.02139
2697	0.0092593
2698	0.079681
2699	-0.025381
2700	-0.12329
2701	0.18062
2702	-0.0057803
2703	0
2704	0
2705	0.0093458
2706	0.0015699
2707	-0.014953
2708	0.0031153
2709	-0.02
2710	0.0375
2711	0.028754
2712	0
2713	-0.010929
2714	-0.023346
2715	0.030303
2716	0.016043
2717	-0.045455
2718	-0.012613
2719	-0.02
2720	0.011628
2721	0.003096
2722	0.1203
2723	0.012658
2724	0
2725	-0.022989
2726	-0.016854
2727	-0.019432
2728	-0.055556
2729	0
2730	0.0090909
2731	0.020649
2732	0.012121
2733	-0.029126
2734	-0.044041
2735	-0.020202
2736	0.047619
2737	0.13761
2738	-0.018692
2739	-0.053691
2740	0
2741	0.010204
2742	-0.018711
2743	0.0068259
2744	-0.12667
2745	-0.043641
2746	-0.019444
2747	0.08
2748	-0.017391
2749	0.027149
2750	-0.035088
2751	-0.023256
2752	-0.12552
2753	0.0065217
2754	-0.038217
2755	-0.0131
2756	-0.072289
2757	-0.023256
2758	0.033639
2759	-0.019305
2760	-0.019718
2761	0.018072
2762	0
2763	0
2764	0.029661
2765	0.10448
2766	0.1982
2767	0.052083
2768	0.017467
2769	-0.0199
2770	-0.013699
2771	-0.009901
2772	-0.02
2773	0
2774	-0.02
2775	0
2776	0
2777	0
2778	-0.0021645
2779	0.026316
2780	-0.034783
2781	-0.020408
2782	0.046512
2783	-0.010174
2784	0.0125
2785	-0.02
2786	0.018018
2787	-0.024876
2788	0.026786
2789	0.037383
2790	0.02381
2791	-0.037736
2792	-0.0092166
2793	-0.025641
2794	-0.0014085
2795	-0.017544
2796	-0.0099668
2797	-0.019268
2798	0.0043103
2799	0
2800	-0.00075358
2801	0
2802	-0.0061728
2803	-0.004171
2804	0
2805	-0.010101
2806	0.015075
2807	-0.0061162
2808	0.011696
2809	0.0034722
2810	0.025126
2811	-0.022556
2812	-0.023923
2813	0.013196
2814	0
2815	-0.034314
2816	0
2817	0.0095238
2818	0
2819	0.0047393
2820	0.0066007
2821	0
2822	-0.0073099
2823	0
2824	0.0091185
2825	-0.0043668
2826	0
2827	-0.022814
2828	0
2829	-0.0024876
2830	-0.01
2831	-0.0049505
2832	-0.0086527
2833	-0.009901
2834	-0.0024876
2835	-0.014706
2836	-0.019802
2837	-0.010941
2838	-0.014577
2839	0.0028902
2840	-0.0087527
2841	-0.013393
2842	-0.009009
2843	0.0028329
2844	-0.010025
2845	-0.0028329
2846	-0.014815
2847	-0.0065359
2848	-0.025907
2849	0.0023041
2850	0
2851	-0.026442
2852	-0.0053004
2853	0
2854	-0.065934
2855	0
2856	-0.020619
2857	-0.032995
2858	-0.023438
2859	-0.011905
2860	0.006135
2861	-0.035
2862	-0.053846
2863	0.0036101
2864	0.0084459
2865	-0.04
2866	-0.032895
2867	-0.015504
2868	-0.0079051
2869	-0.0080321
2870	-0.027027
2871	0.02439
2872	-0.0076336
2873	0.077519
2874	0.032
2875	0.042857
2876	0
2877	-0.012931
2878	-0.0040161
2879	-0.0040486
2880	-0.010363
2881	-0.0042373
2882	-0.0057471
2883	-0.015873
2884	-0.0051546
2885	0
2886	-0.015748
2887	-0.0046948
2888	-0.064039
2889	0
2890	0
2891	0
2892	-0.004329
2893	-0.0071429
2894	-0.0048544
2895	0.024194
2896	0.010309
2897	-0.0065789
2898	0.049774
2899	0.018182
2900	-0.03268
2901	0.072674
2902	-0.0071942
2903	-0.018957
2904	0.0075758
2905	-0.017699
2906	-0.063348
2907	0.053061
2908	0.0075901
2909	-0.058333
2910	-0.017915
2911	-0.012658
2912	-0.0125
2913	0.010526
2914	0.025952
2915	0.026596
2916	-0.044843
2917	-0.00625
2918	-0.0060729
2919	-0.009009
2920	-0.038462
2921	-0.10909
2922	-0.041176
2923	0.022792
2924	-0.019512
2925	-0.020979
2926	-0.0053476
2927	0.056604
2928	0.035088
2929	0.029268
2930	0.0045045
2931	0.022624
2932	0
2933	0.012766
2934	-0.029412
2935	-0.0097087
2936	-0.0086655
2937	-0.015
2938	-0.0017271
2939	-0.0097087
2940	0.022727
2941	-0.0081301
2942	-0.005814
2943	0
2944	-0.021645
2945	0.0065041
2946	-0.013193
2947	0.14
2948	0.015625
2949	0.02
2950	-0.034398
2951	-0.0031646
2952	-0.022124
2953	-0.011364
2954	-0.0064412
2955	-0.0081967
2956	-0.0043668
2957	0
2958	0.043796
2959	-0.011236
2961	-0.012626
2962	0.009324
2963	-0.010989
2964	-0.095238
2965	0
2966	-0.045113
2967	0
2968	0.0043478
2969	0
2970	-0.026756
2971	-0.052459
2972	-0.028169
2973	-0.003251
2974	-0.0030912
2975	-0.0079365
2976	-0.01434
2977	-0.0048544
2978	-0.0037879
2979	-0.0071685
2980	0
2981	-0.0021097
2982	-0.0094044
2983	-0.0040323
2984	-0.01157
2985	-0.016771
2986	-0.004878
2987	-0.0062696
2988	-0.0018282
2989	0
2990	-0.0057471
2991	0.065421
2992	0
2993	-0.02
2994	-0.0039947
2995	0.036364
2996	0.011765
2997	-0.041667
2998	-0.012195
2999	-0.023256
3000	0
3001	-0.0057803
3002	-0.0079893
3003	0.0065359
3004	0.0024752
3005	-0.0053191
3006	-0.051948
3007	-0.02
3008	-0.036697
3009	0
3010	-0.0030896
3011	-0.0085227
3012	-0.025
3013	-0.022663
3014	-0.019704
3015	0
3016	-0.011429
3017	0.0087719
3018	-0.0042105
3019	0
3020	-0.081818
3021	0
3022	0.0030864
3023	0
3024	-0.052326
3025	-0.10092
3026	-0.0084986
3027	0.007326
3028	0
3029	-0.0019048
3030	0
3032	0
3033	-0.0025445
3034	0
3035	0
3036	0
3037	-0.082353
3038	-0.017391
3039	0.0052632
3040	-0.004065
3041	0
3042	-0.048611
3043	0
3044	-0.010309
3045	-0.02
3046	0
3047	-0.0072464
3048	-0.021277
3049	-0.012658
3050	0
3051	0
3052	0
3053	-0.016949
3054	-0.0090634
3055	-0.016667
3056	0.02
3057	-0.012579
3058	-0.0034483
3059	-0.015625
3060	0
3061	-0.011236
3062	0
3063	0
3064	-0.0051414
3065	0
3066	-0.14851
3067	-0.010989
3068	0.0054348
3069	0.0049938
3070	0
3071	-0.0013298
3072	0
3073	0.0015723
3074	0.02381
3075	0.025424
3076	0
3077	0.017391
3078	0.081481
3079	-0.0048544
3080	-0.036232
3081	0
3082	-0.039216
3083	-0.0098039
3084	-0.020566
3085	-0.0069767
3086	-0.019802
3087	0
3088	-0.002809
3089	-0.016807
3090	-0.059701
3091	-0.069231
3092	0.0051282
3093	-0.035294
3094	0.035294
3095	0.013158
3096	0.0037453
3097	-0.0037453
3098	0.0049505
3099	-0.0074257
3100	-0.0033223
3101	-0.0099502
3102	-0.017094
3103	0.017094
3104	0.0028571
3105	-0.0090674
3106	-0.025878
3107	-0.015
3108	-0.014433
3109	-0.0086059
3110	0.010017
3111	-0.0052301
3112	0.003876
3113	-0.0086527
3114	0.0065646
3115	0.0033557
3116	0.003736
3117	-0.0015873
3118	-0.032338
3119	-0.00894
3120	-0.011194
3121	-0.013544
3122	-0.012531
3123	-0.029687
3124	0.015152
3125	-0.032448
3126	-0.0050761
3127	0
3128	-0.016978
3129	-0.012658
3130	-0.013283
3131	0.0046296
3132	-0.063063
3133	0
3134	-0.0087719
3135	-0.0059318
3136	0
3137	-0.02069
3138	0.0060976
3139	0.014925
3140	0.4
3141	0
3142	0.0071048
3143	0
3144	-0.0056497
3145	0
3146	0.075
3147	-0.07732
3148	-0.0030713
3149	0
3150	0
3151	0.0047393
3152	0
3153	0
3154	0
3155	0.0043478
3156	-0.016807
3157	-0.0081967
3158	-0.04065
3159	0.0077821
3160	-0.024169
3161	-0.0065147
3162	-0.023188
3163	-0.011647
3164	-0.0056818
3165	-0.0038314
3166	-0.0076336
3167	-0.015773
3168	-0.020408
3169	-0.004
3170	-0.041667
3171	0
3172	-0.015366
3173	0
3174	0.012788
3175	0.0031447
3176	-0.005848
3177	-0.022624
3178	0.0027473
3179	-0.0083799
3180	0.0067265
3181	-0.016892
3182	0.072398
3183	0
3184	-0.011299
3185	-0.010204
3186	-0.0055556
3187	-0.019851
3188	-0.003096
3189	-0.0050336
3190	-0.0065963
3191	0
3192	0
3193	-0.03125
3194	-0.0098039
3195	-0.02965
3196	-0.0125
3197	-0.004717
3198	-0.028369
3199	-0.043876
3200	0.047493
3201	-0.012048
3202	-0.054187
3203	0.030303
3204	0
3205	0.017094
3206	-0.022599
3207	-0.010695
3208	-0.017422
3209	0.0077882
3210	-0.024938
3211	-0.0059084
3212	-0.025189
3213	-0.04186
3214	0.0050761
3215	-0.021277
3216	0.025
3217	-0.02
3218	-0.0031949
3219	-0.0051813
3220	-0.027778
3221	0.016548
3222	0.008547
3223	-0.0027027
3224	0
3225	0.02
3226	-0.027624
3227	-0.011547
3228	-0.010606
3229	0.028571
3230	-0.016771
3231	0
3232	-0.0072464
3233	0.034843
3234	0
3235	-0.0049261
3236	-0.0030644
3237	0.02439
3238	-0.027295
3239	-0.0073892
3240	-0.0075377
3241	-0.024
3242	0.043478
3243	0
3244	-0.016049
3245	-0.014184
3246	-0.002457
3247	-0.014907
3248	-0.0024814
3249	-0.072398
3250	-0.0069124
3251	0.004065
3252	-0.0083799
3253	-0.028571
3254	-0.010671
3255	-0.006237
3256	-0.0075472
3257	-0.0072072
3258	0
3259	-0.025157
3260	-0.02
3261	0.02
3262	-0.0050761
3263	0.012346
3264	0.0077821
3265	-0.002907
3266	0.007371
3267	-0.0086957
3268	-0.0098888
3269	-0.012848
3270	0.0082988
3271	-0.012346
3272	-0.036842
3273	-0.028818
3274	-0.039216
3275	-0.016209
3276	-0.0082988
3277	0.042029
3278	0.011494
3279	-0.017241
3280	0.02071
3281	0.014728
3282	-0.028871
3283	-0.013986
3284	-0.033742
3285	-0.048309
3286	-0.0035149
3287	-0.040724
3288	0.016129
3289	-0.012315
3290	-0.0079365
3291	0
3292	-0.013158
3293	-0.0076923
3294	-0.014535
3295	-0.020134
3296	0.035
3297	-0.0094787
3298	0.016835
3299	0.021776
3300	0.015748
3301	0.028286
3302	0.010953
3303	-0.020833
3304	0.00978
3305	-0.005618
3306	0
3307	0
3308	-0.021978
3309	-0.018868
3310	0
3311	0
3312	-0.004902
3313	-0.009901
3314	-0.014851
3315	-0.26154
3316	-0.045936
3317	0.036036
3318	-0.009901
3319	-0.004902
3320	0
3321	0
3322	0
3323	-0.045455
3324	-0.065574
3325	0.0051635
3326	0
3327	-0.049505
3328	-0.0057143
3329	0.008
3330	-0.02
3331	0.0064103
3332	0
3333	-0.0089286
3334	0.0031712
3335	-0.0063158
3336	-0.007874
3337	0
3338	-0.0024691
3339	-0.008547
3340	0.02
3341	-0.0017422
3342	0.0016051
3343	0.15385
3344	-0.063063
3345	0.007874
3346	-0.022472
3347	0.021066
3348	0.0050125
3349	0.022305
3350	-0.009901
3351	-0.025316
3352	-0.022277
3353	0
3354	0
3355	-0.012876
3356	-0.028674
3357	-0.024691
3358	-0.0074627
3359	-0.0123
3360	-0.016129
3361	0
3362	-0.014006
3363	-0.0021322
3364	-0.015432
3365	-0.020202
3366	0.020202
3367	0
3368	-0.011834
3369	-0.02381
3370	-0.014045
3371	-0.0081301
3372	-0.024306
3373	-0.016043
3374	-0.0051813
3375	-0.00053447
3376	-0.017157
3377	0.015385
3378	0.010204
3379	0.014563
3380	-0.011111
3381	-0.016069
3382	0
3383	0.0048544
3384	-0.0088106
3385	0.019704
3386	0.009009
3387	0.017276
3388	0.039773
3389	0.019718
3390	0.013889
3391	0
3392	-0.02381
3393	0.04
3394	0.013216
3395	0.022727
3396	0.027875
3397	0.017647
3398	-0.020253
3399	0.026104
3400	-0.016667
3401	0.004
3402	0.031746
3403	-0.025455
3404	-0.035842
3405	0
3406	0
3407	0
3408	-0.0037688
3409	0.0035461
3410	0
3411	-0.0059613
3412	-0.008
3413	0
3414	0.0072289
3415	-0.011696
3416	0.0050505
3417	0.0026247
3418	-0.001692
3419	0.0048077
3420	0
3421	0.0049628
3422	0
3423	-0.004329
3424	-0.015873
3425	-0.040404
3426	-0.02439
3427	-0.0038462
3428	-0.007874
3429	-0.0079365
3430	-0.0097087
3431	-0.016667
3432	0.002457
3433	-0.029557
3434	-0.0078534
3435	0.010221
3436	-0.005291
3437	0.044534
3438	-0.0037879
3439	0.0024814
3440	0
3441	-0.004878
3442	-0.019108
3443	-0.0066445
3444	0
3445	-0.044776
3446	-0.0045662
3447	-0.0024907
3448	0
3449	-0.016509
3450	-0.0050505
3451	-0.012456
3452	0.060465
3453	-0.004
3454	0
3455	0.012945
3456	-0.0074257
3457	0
3458	0
3459	-0.0084034
3460	-0.0037777
3461	-0.004717
3462	0
3463	0
3464	0
3465	-0.015275
3466	-0.0078125
3467	-0.011792
3468	0.0080645
3469	0
3470	-0.005618
3471	-0.08
3472	-0.0049505
3473	-0.0038168
3474	-0.025424
3475	-0.042553
3476	0.028169
3477	-0.0092593
3478	0.0083333
3479	0.016
3480	-0.035461
3481	0
3482	-0.0055096
3483	0
3484	-0.0026455
3485	-0.0077519
3486	-0.0049751
3487	-0.0047847
3488	-0.0051813
3489	-0.013304
3490	-0.0051813
3491	0
3492	0
3493	0.0025641
3494	0
3495	-0.0079051
3496	-0.008547
3497	-0.0044643
3498	0
3499	0.0034843
3500	-0.0024331
3501	0
3502	0
3503	-0.0050505
3504	0
3505	0.012121
3506	-0.005102
3507	-0.005
3508	0
3509	-0.0028736
3510	-0.0057803
3511	0
3512	0
3513	-0.0069686
3514	-0.0044843
3515	-0.0056497
3516	-0.0052817
3517	0
3518	-0.0068027
3519	0.0049751
3520	-0.0012376
3521	-0.078591
3522	0.029412
3523	-0.0075188
3524	0.080189
3525	-0.042453
3526	0.0028653
3527	-0.038095
3528	-0.051724
3529	0.034247
3530	0.12048
3531	-0.013699
3532	0.016575
3533	0.030303
3534	-0.039683
3535	-0.013825
3536	-0.05303
3537	0.013514
3538	-0.0087719
3539	0
3540	0.014286
3541	-0.024194
3542	0
3543	-0.038911
3544	-0.0042017
3545	0.0030675
3546	-0.0057143
3547	0.0037129
3548	-0.005
3549	0.012438
3550	-0.0037129
3551	-0.02451
3552	-0.014706
3553	-0.014925
3554	0.0060241
3555	-0.020755
3556	-0.0081301
3557	-0.0039063
3558	-0.0025707
3559	0
3560	-0.0040161
3561	-0.0091185
3562	-0.0065189
3563	0.0032468
3564	-0.0018215
3565	-0.047619
3566	-0.022831
3567	-0.010076
3581	-0.12143
3582	0.02
3583	0
3584	0.021818
3585	-0.011765
3586	-0.018519
3587	0
3588	-0.016807
3589	0
