ecodrive file for LASUB5 network
725    2 
1	12	10000	1	6	3	716	1	1	1	1	1	12	200
2	15	10000	1	14	1	767	1	1	1	1	1	15	200
3	17	10000	1	33	1	835	1	1	1	1	1	17	200
4	23	10000	1	21	2	1155	1	1	1	1	1	23	200
5	30	10000	1	37	1	484	1	1	1	1	1	30	200
6	31	10000	1	41	1	507	1	1	1	1	1	31	200
7	35	10000	1	34	1	254	1	1	1	1	1	35	200
8	38	10000	1	66	1	349	1	1	1	1	1	38	200
9	42	10000	1	55	1	263	1	1	1	1	1	42	200
10	53	10000	1	65	3	411	1	1	1	1	1	53	200
11	55	10000	1	77	2	491	1	1	1	1	1	55	200
12	56	10000	1	71	1	80	1	1	1	1	1	56	200
13	57	10000	1	66	2	102	1	1	1	1	1	57	200
14	58	10000	1	67	3	363	1	1	1	1	1	58	200
15	59	10000	1	77	1	295	1	1	1	1	1	59	200
16	60	10000	1	59	3	382	1	1	1	1	1	60	200
17	61	10000	1	62	3	237	1	1	1	1	1	61	200
18	62	10000	1	69	2	373	1	1	1	1	1	62	200
19	63	10000	1	81	3	340	1	1	1	1	1	63	200
20	64	10000	1	88	1	573	1	1	1	1	1	64	200
21	66	10000	1	102	1	95	1	1	1	1	1	66	200
22	70	10000	1	52	3	251	1	1	1	1	1	70	200
23	71	10000	1	55	2	309	1	1	1	1	1	71	200
24	72	10000	1	62	1	555	1	1	1	1	1	72	200
25	75	10000	1	68	1	641	1	1	1	1	1	75	200
26	78	10000	1	190	2	101	1	1	1	1	1	78	200
27	81	10000	1	188	1	497	1	1	1	1	1	81	200
28	83	10000	1	190	2	95	1	1	1	1	1	83	200
29	85	10000	1	176	1	1164	1	1	1	1	1	85	200
30	92	10000	1	176	3	933	1	1	1	1	1	92	200
31	94	10000	1	174	3	650	1	1	1	1	1	94	200
32	95	10000	1	186	3	528	1	1	1	1	1	95	200
33	116	10000	1	110	1	269	1	1	1	1	1	116	200
34	120	10000	1	139	1	405	1	1	1	1	1	120	200
35	132	10000	1	166	1	1270	1	1	1	1	1	132	200
36	133	10000	1	167	3	788	1	1	1	1	1	133	200
37	134	10000	1	128	3	825	1	1	1	1	1	134	200
38	135	10000	1	164	2	640	1	1	1	1	1	135	200
39	136	10000	1	197	1	555	1	1	1	1	1	136	200
40	137	10000	1	196	2	285	1	1	1	1	1	137	200
41	140	10000	1	193	3	712	1	1	1	1	1	140	200
42	141	10000	1	177	3	2134	1	1	1	1	1	141	200
43	143	10000	1	173	1	816	1	1	1	1	1	143	200
44	145	10000	1	199	1	548	1	1	1	1	1	145	200
45	147	10000	1	156	1	395	1	1	1	1	1	147	200
46	150	10000	1	183	3	1609	1	1	1	1	1	150	200
47	151	10000	1	150	3	759	1	1	1	1	1	151	200
48	153	10000	1	172	2	915	1	1	1	1	1	153	200
49	155	10000	1	95	1	755	1	1	1	1	1	155	200
50	162	10000	1	10	2	461	1	1	1	1	1	162	200
51	163	10000	1	5	1	98	1	1	1	1	1	163	200
52	164	10000	1	8	2	139	1	1	1	1	1	164	200
53	165	10000	1	2	1	619	1	1	1	1	1	165	200
54	167	10000	1	4	3	542	1	1	1	1	1	167	200
55	168	10000	1	1	3	620	1	1	1	1	1	168	200
56	169	10000	1	7	3	875	1	1	1	1	1	169	200
57	170	10000	1	13	1	831	1	1	1	1	1	170	200
58	187	10000	1	28	2	489	1	1	1	1	1	187	200
59	188	10000	1	35	1	429	1	1	1	1	1	188	200
60	190	10000	1	56	2	509	1	1	1	1	1	190	200
61	191	10000	1	29	2	84	1	1	1	1	1	191	200
62	192	10000	1	45	2	50	1	1	1	1	1	192	200
63	193	10000	1	44	3	741	1	1	1	1	1	193	200
64	195	10000	1	19	3	626	1	1	1	1	1	195	200
65	196	10000	1	40	3	322	1	1	1	1	1	196	200
66	200	10000	1	16	1	421	1	1	1	1	1	200	200
67	201	10000	1	8	2	786	1	1	1	1	1	201	200
68	202	10000	1	13	2	1008	1	1	1	1	1	202	200
69	204	10000	1	10	3	740	1	1	1	1	1	204	200
70	205	10000	1	16	2	528	1	1	1	1	1	205	200
71	206	10000	1	12	1	137	1	1	1	1	1	206	200
72	207	10000	1	20	2	1037	1	1	1	1	1	207	200
73	208	10000	1	15	1	529	1	1	1	1	1	208	200
74	209	10000	1	12	3	1760	1	1	1	1	1	209	200
75	210	10000	1	9	3	719	1	1	1	1	1	210	200
76	216	10000	1	64	1	369	1	1	1	1	1	216	200
77	219	10000	1	79	1	87	1	1	1	1	1	219	200
78	221	10000	1	110	3	65	1	1	1	1	1	221	200
79	224	10000	1	99	2	540	1	1	1	1	1	224	200
80	228	10000	1	210	2	100	1	1	1	1	1	228	200
81	231	10000	1	51	3	224	1	1	1	1	1	231	200
82	237	10000	1	138	3	700	1	1	1	1	1	237	200
83	238	10000	1	140	1	111	1	1	1	1	1	238	200
84	241	10000	1	97	3	1045	1	1	1	1	1	241	200
85	243	10000	1	97	3	250	1	1	1	1	1	243	200
86	248	10000	1	116	3	880	1	1	1	1	1	248	200
87	251	10000	1	58	2	243	1	1	1	1	1	251	200
88	254	10000	1	60	1	1507	1	1	1	1	1	254	200
89	256	10000	1	171	3	404	1	1	1	1	1	256	200
90	261	10000	1	180	1	398	1	1	1	1	1	261	200
91	262	10000	1	182	3	679	1	1	1	1	1	262	200
92	267	10000	1	168	3	404	1	1	1	1	1	267	200
93	268	10000	1	134	2	1143	1	1	1	1	1	268	200
94	271	10000	1	184	3	1604	1	1	1	1	1	271	200
95	273	10000	1	185	3	250	1	1	1	1	1	273	200
96	274	10000	1	185	1	799	1	1	1	1	1	274	200
97	277	10000	1	139	3	50	1	1	1	1	1	277	200
98	280	10000	1	137	2	615	1	1	1	1	1	280	200
99	284	10000	1	152	1	197	1	1	1	1	1	284	200
100	285	10000	1	148	3	92	1	1	1	1	1	285	200
101	286	10000	1	171	1	432	1	1	1	1	1	286	200
102	287	10000	1	200	1	977	1	1	1	1	1	287	200
103	288	10000	1	147	3	539	1	1	1	1	1	288	200
104	289	10000	1	147	1	395	1	1	1	1	1	289	200
105	296	10000	1	163	1	54	1	1	1	1	1	296	200
106	298	10000	1	118	3	1220	1	1	1	1	1	298	200
107	299	10000	1	170	1	1275	1	1	1	1	1	299	200
108	311	10000	1	169	1	181	1	1	1	1	1	311	200
109	317	10000	1	18	1	522	1	1	1	1	1	317	200
110	321	10000	1	72	1	1580	1	1	1	1	1	321	200
111	323	10000	1	124	1	2738	1	1	1	1	1	323	200
112	326	10000	1	141	2	61	1	1	1	1	1	326	200
113	330	10000	1	122	2	559	1	1	1	1	1	330	200
114	331	10000	1	136	1	320	1	1	1	1	1	331	200
115	332	10000	1	53	1	2248	1	1	1	1	1	332	200
116	333	10000	1	113	1	511	1	1	1	1	1	333	200
117	334	10000	1	152	3	213	1	1	1	1	1	334	200
118	335	10000	1	128	1	979	1	1	1	1	1	335	200
119	337	10000	1	175	1	263	1	1	1	1	1	337	200
120	338	10000	1	6	2	470	1	1	1	1	1	338	200
121	341	10000	1	198	3	817	1	1	1	1	1	341	200
122	360	10000	1	76	1	435	1	1	1	1	1	360	200
123	361	10000	1	48	1	486	1	1	1	1	1	361	200
124	362	10000	1	52	1	544	1	1	1	1	1	362	200
125	391	10000	1	38	1	220	1	1	1	1	1	391	200
126	406	10000	1	135	2	193	1	1	1	1	1	406	200
127	411	10000	1	158	1	1042	1	1	1	1	1	411	200
128	413	10000	1	142	1	443	1	1	1	1	1	413	200
129	414	10000	1	154	1	778	1	1	1	1	1	414	200
130	416	10000	1	137	1	728	1	1	1	1	1	416	200
131	421	10000	1	83	2	201	1	1	1	1	1	421	200
132	423	10000	1	91	1	1243	1	1	1	1	1	423	200
133	424	10000	1	74	1	139	1	1	1	1	1	424	200
134	425	10000	1	73	3	1243	1	1	1	1	1	425	200
135	426	10000	1	96	3	333	1	1	1	1	1	426	200
136	429	10000	1	93	3	441	1	1	1	1	1	429	200
137	433	10000	1	93	3	467	1	1	1	1	1	433	200
138	434	10000	1	60	2	1382	1	1	1	1	1	434	200
139	443	10000	1	168	1	812	1	1	1	1	1	443	200
140	445	10000	1	70	2	243	1	1	1	1	1	445	200
141	448	10000	1	86	2	89	1	1	1	1	1	448	200
142	453	10000	1	75	1	242	1	1	1	1	1	453	200
143	457	10000	1	90	1	966	1	1	1	1	1	457	200
144	458	10000	1	78	3	420	1	1	1	1	1	458	200
145	459	10000	1	81	1	521	1	1	1	1	1	459	200
146	461	10000	1	3	2	50	1	1	1	1	1	461	200
147	465	10000	1	78	1	917	1	1	1	1	1	465	200
148	468	10000	1	85	2	527	1	1	1	1	1	468	200
149	469	10000	1	162	3	530	1	1	1	1	1	469	200
150	473	10000	1	136	1	324	1	1	1	1	1	473	200
151	474	10000	1	145	1	467	1	1	1	1	1	474	200
152	476	10000	1	100	3	253	1	1	1	1	1	476	200
153	477	10000	1	106	3	192	1	1	1	1	1	477	200
154	478	10000	1	60	3	1236	1	1	1	1	1	478	200
155	482	10000	1	89	3	55	1	1	1	1	1	482	200
156	487	10000	1	170	3	78	1	1	1	1	1	487	200
157	502	10000	1	53	3	973	1	1	1	1	1	502	200
158	503	10000	1	91	3	325	1	1	1	1	1	503	200
159	506	10000	1	39	3	555	1	1	1	1	1	506	200
160	507	10000	1	104	1	369	1	1	1	1	1	507	200
161	508	10000	1	92	3	146	1	1	1	1	1	508	200
162	509	10000	1	113	1	973	1	1	1	1	1	509	200
163	518	10000	1	156	3	1208	1	1	1	1	1	518	200
164	519	10000	1	102	3	272	1	1	1	1	1	519	200
165	520	10000	1	111	1	1488	1	1	1	1	1	520	200
166	522	10000	1	132	3	647	1	1	1	1	1	522	200
167	529	10000	1	86	1	431	1	1	1	1	1	529	200
168	532	10000	1	83	1	362	1	1	1	1	1	532	200
169	535	10000	1	105	1	338	1	1	1	1	1	535	200
170	538	10000	1	116	1	406	1	1	1	1	1	538	200
171	539	10000	1	119	1	373	1	1	1	1	1	539	200
172	544	10000	1	163	2	585	1	1	1	1	1	544	200
173	546	10000	1	196	1	939	1	1	1	1	1	546	200
174	547	10000	1	178	1	484	1	1	1	1	1	547	200
175	548	10000	1	179	3	1163	1	1	1	1	1	548	200
176	550	10000	1	109	2	413	1	1	1	1	1	550	200
177	551	10000	1	195	2	803	1	1	1	1	1	551	200
178	553	10000	1	199	4	401	1	1	1	1	1	553	200
179	554	10000	1	192	1	305	1	1	1	1	1	554	200
180	557	10000	1	85	3	451	1	1	1	1	1	557	200
181	558	10000	1	105	2	217	1	1	1	1	1	558	200
182	570	10000	1	135	1	324	1	1	1	1	1	570	200
183	573	10000	1	140	2	50	1	1	1	1	1	573	200
184	574	10000	1	163	2	78	1	1	1	1	1	574	200
185	575	10000	1	159	1	76	1	1	1	1	1	575	200
186	577	10000	1	181	3	119	1	1	1	1	1	577	200
187	578	10000	1	112	3	703	1	1	1	1	1	578	200
188	585	10000	1	23	1	692	1	1	1	1	1	585	200
189	586	10000	1	164	1	709	1	1	1	1	1	586	200
190	588	10000	1	173	2	678	1	1	1	1	1	588	200
191	589	10000	1	155	3	808	1	1	1	1	1	589	200
192	590	10000	1	54	1	691	1	1	1	1	1	590	200
193	591	10000	1	200	3	1068	1	1	1	1	1	591	200
194	592	10000	1	108	2	572	1	1	1	1	1	592	200
195	593	10000	1	186	1	1140	1	1	1	1	1	593	200
196	594	10000	1	74	3	2866	1	1	1	1	1	594	200
197	595	10000	1	23	3	588	1	1	1	1	1	595	200
198	597	10000	1	50	4	598	1	1	1	1	1	597	200
199	599	10000	1	80	3	243	1	1	1	1	1	599	200
200	600	10000	1	88	3	91	1	1	1	1	1	600	200
201	602	10000	1	84	3	232	1	1	1	1	1	602	200
202	604	10000	1	181	1	104	1	1	1	1	1	604	200
203	607	10000	1	112	2	556	1	1	1	1	1	607	200
204	608	10000	1	38	2	106	1	1	1	1	1	608	200
205	618	10000	1	27	1	1377	1	1	1	1	1	618	200
206	620	10000	1	140	2	626	1	1	1	1	1	620	200
207	621	10000	1	210	1	380	1	1	1	1	1	621	200
208	622	10000	1	45	1	407	1	1	1	1	1	622	200
209	625	10000	1	29	1	1035	1	1	1	1	1	625	200
210	627	10000	1	43	1	317	1	1	1	1	1	627	200
211	633	10000	1	119	2	222	1	1	1	1	1	633	200
212	634	10000	1	125	3	620	1	1	1	1	1	634	200
213	635	10000	1	109	1	350	1	1	1	1	1	635	200
214	636	10000	1	103	1	678	1	1	1	1	1	636	200
215	637	10000	1	127	2	440	1	1	1	1	1	637	200
216	638	10000	1	125	1	400	1	1	1	1	1	638	200
217	639	10000	1	128	3	400	1	1	1	1	1	639	200
218	640	10000	1	127	1	580	1	1	1	1	1	640	200
219	641	10000	1	67	1	1514	1	1	1	1	1	641	200
220	642	10000	1	54	2	500	1	1	1	1	1	642	200
221	643	10000	1	107	3	912	1	1	1	1	1	643	200
222	644	10000	1	11	2	786	1	1	1	1	1	644	200
223	645	10000	1	5	2	539	1	1	1	1	1	645	200
224	646	10000	1	19	1	1053	1	1	1	1	1	646	200
225	647	10000	1	11	2	364	1	1	1	1	1	647	200
226	649	10000	1	22	1	466	1	1	1	1	1	649	200
227	650	10000	1	15	3	164	1	1	1	1	1	650	200
228	652	10000	1	37	3	568	1	1	1	1	1	652	200
229	653	10000	1	50	1	1005	1	1	1	1	1	653	200
230	654	10000	1	36	3	1663	1	1	1	1	1	654	200
231	655	10000	1	47	3	510	1	1	1	1	1	655	200
232	658	10000	1	43	2	270	1	1	1	1	1	658	200
233	661	10000	1	93	1	1093	1	1	1	1	1	661	200
234	662	10000	1	25	1	606	1	1	1	1	1	662	200
235	663	10000	1	30	3	597	1	1	1	1	1	663	200
236	664	10000	1	96	1	1151	1	1	1	1	1	664	200
237	665	10000	1	97	1	779	1	1	1	1	1	665	200
238	666	10000	1	108	1	450	1	1	1	1	1	666	200
239	667	10000	1	95	3	297	1	1	1	1	1	667	200
240	669	10000	1	94	3	291	1	1	1	1	1	669	200
241	670	10000	1	74	2	1151	1	1	1	1	1	670	200
242	671	10000	1	104	3	136	1	1	1	1	1	671	200
243	672	10000	1	114	3	890	1	1	1	1	1	672	200
244	673	10000	1	115	1	811	1	1	1	1	1	673	200
245	674	10000	1	120	3	803	1	1	1	1	1	674	200
246	675	10000	1	129	2	801	1	1	1	1	1	675	200
247	676	10000	1	121	3	815	1	1	1	1	1	676	200
248	678	10000	1	117	3	703	1	1	1	1	1	678	200
249	679	10000	1	113	3	426	1	1	1	1	1	679	200
250	680	10000	1	114	1	358	1	1	1	1	1	680	200
251	681	10000	1	25	3	3654	1	1	1	1	1	681	200
252	682	10000	1	42	2	526	1	1	1	1	1	682	200
253	683	10000	1	31	3	2505	1	1	1	1	1	683	200
254	684	10000	1	126	1	739	1	1	1	1	1	684	200
255	685	10000	1	123	2	321	1	1	1	1	1	685	200
256	686	10000	1	120	1	162	1	1	1	1	1	686	200
257	688	10000	1	122	2	300	1	1	1	1	1	688	200
258	689	10000	1	117	1	1612	1	1	1	1	1	689	200
259	691	10000	1	115	3	540	1	1	1	1	1	691	200
260	693	10000	1	32	3	1072	1	1	1	1	1	693	200
261	694	10000	1	136	3	202	1	1	1	1	1	694	200
262	695	10000	1	133	3	265	1	1	1	1	1	695	200
263	697	10000	1	131	2	269	1	1	1	1	1	697	200
264	698	10000	1	132	1	538	1	1	1	1	1	698	200
265	699	10000	1	131	1	222	1	1	1	1	1	699	200
266	700	10000	1	134	1	265	1	1	1	1	1	700	200
267	701	10000	1	130	1	396	1	1	1	1	1	701	200
268	702	10000	1	130	3	186	1	1	1	1	1	702	200
269	703	10000	1	126	3	207	1	1	1	1	1	703	200
270	704	10000	1	126	3	212	1	1	1	1	1	704	200
271	705	10000	1	22	3	805	1	1	1	1	1	705	200
272	706	10000	1	64	3	586	1	1	1	1	1	706	200
273	708	10000	1	72	3	212	1	1	1	1	1	708	200
274	711	10000	1	79	3	217	1	1	1	1	1	711	200
275	712	10000	1	89	1	169	1	1	1	1	1	712	200
276	713	10000	1	51	1	684	1	1	1	1	1	713	200
277	714	10000	1	40	1	530	1	1	1	1	1	714	200
278	715	10000	1	138	1	400	1	1	1	1	1	715	200
279	717	10000	1	152	3	415	1	1	1	1	1	717	200
280	722	10000	1	182	1	413	1	1	1	1	1	722	200
281	725	10000	1	197	3	472	1	1	1	1	1	725	200
282	726	10000	1	190	1	770	1	1	1	1	1	726	200
283	727	10000	1	148	1	858	1	1	1	1	1	727	200
284	729	10000	1	149	1	551	1	1	1	1	1	729	200
285	730	10000	1	149	3	650	1	1	1	1	1	730	200
286	731	10000	1	161	3	136	1	1	1	1	1	731	200
287	732	10000	1	165	2	618	1	1	1	1	1	732	200
288	733	10000	1	153	3	410	1	1	1	1	1	733	200
289	734	10000	1	162	1	127	1	1	1	1	1	734	200
290	735	10000	1	161	1	489	1	1	1	1	1	735	200
291	736	10000	1	167	1	821	1	1	1	1	1	736	200
292	737	10000	1	166	3	330	1	1	1	1	1	737	200
293	738	10000	1	183	1	1613	1	1	1	1	1	738	200
294	739	10000	1	193	1	1216	1	1	1	1	1	739	200
295	740	10000	1	180	2	674	1	1	1	1	1	740	200
296	741	10000	1	191	1	810	1	1	1	1	1	741	200
297	743	10000	1	179	1	399	1	1	1	1	1	743	200
298	746	10000	1	141	1	428	1	1	1	1	1	746	200
299	748	10000	1	146	1	484	1	1	1	1	1	748	200
300	749	10000	1	143	3	989	1	1	1	1	1	749	200
301	750	10000	1	160	2	478	1	1	1	1	1	750	200
302	751	10000	1	154	3	564	1	1	1	1	1	751	200
303	752	10000	1	184	1	1616	1	1	1	1	1	752	200
304	753	10000	1	194	1	810	1	1	1	1	1	753	200
305	755	10000	1	192	2	807	1	1	1	1	1	755	200
306	756	10000	1	191	3	803	1	1	1	1	1	756	200
307	757	10000	1	194	1	803	1	1	1	1	1	757	200
308	758	10000	1	157	3	1214	1	1	1	1	1	758	200
309	759	10000	1	158	2	188	1	1	1	1	1	759	200
310	762	10000	1	169	2	227	1	1	1	1	1	762	200
311	764	10000	1	146	3	1611	1	1	1	1	1	764	200
312	765	10000	1	157	1	798	1	1	1	1	1	765	200
313	770	10000	1	194	3	1602	1	1	1	1	1	770	200
314	773	10000	1	145	3	1306	1	1	1	1	1	773	200
315	774	10000	1	144	1	808	1	1	1	1	1	774	200
316	776	10000	1	142	3	626	1	1	1	1	1	776	200
317	778	10000	1	2	2	67	1	1	1	1	1	778	200
318	781	10000	1	3	1	115	1	1	1	1	1	781	200
319	786	10000	1	17	2	229	1	1	1	1	1	786	200
320	787	10000	1	18	2	635	1	1	1	1	1	787	200
321	788	10000	1	33	2	898	1	1	1	1	1	788	200
322	790	10000	1	27	2	867	1	1	1	1	1	790	200
323	792	10000	1	26	3	329	1	1	1	1	1	792	200
324	793	10000	1	24	3	524	1	1	1	1	1	793	200
325	796	10000	1	24	1	273	1	1	1	1	1	796	200
326	799	10000	1	46	2	539	1	1	1	1	1	799	200
327	800	10000	1	34	3	1129	1	1	1	1	1	800	200
328	801	10000	1	41	2	948	1	1	1	1	1	801	200
329	802	10000	1	59	1	544	1	1	1	1	1	802	200
330	803	10000	1	48	3	566	1	1	1	1	1	803	200
331	805	10000	1	49	2	290	1	1	1	1	1	805	200
332	807	10000	1	57	1	288	1	1	1	1	1	807	200
333	808	10000	1	46	3	903	1	1	1	1	1	808	200
334	809	10000	1	63	1	287	1	1	1	1	1	809	200
335	810	10000	1	65	1	364	1	1	1	1	1	810	200
336	813	10000	1	57	3	248	1	1	1	1	1	813	200
337	814	10000	1	49	3	832	1	1	1	1	1	814	200
338	815	10000	1	61	1	285	1	1	1	1	1	815	200
339	816	10000	1	61	2	307	1	1	1	1	1	816	200
340	817	10000	1	69	1	295	1	1	1	1	1	817	200
341	818	10000	1	63	3	200	1	1	1	1	1	818	200
342	819	10000	1	71	3	340	1	1	1	1	1	819	200
343	822	10000	1	87	3	250	1	1	1	1	1	822	200
344	823	10000	1	98	2	150	1	1	1	1	1	823	200
345	824	10000	1	98	1	233	1	1	1	1	1	824	200
346	825	10000	1	101	2	239	1	1	1	1	1	825	200
347	826	10000	1	90	4	262	1	1	1	1	1	826	200
348	828	10000	1	124	3	1655	1	1	1	1	1	828	200
349	829	10000	1	111	3	130	1	1	1	1	1	829	200
350	831	10000	1	101	1	247	1	1	1	1	1	831	200
351	834	10000	1	76	3	259	1	1	1	1	1	834	200
352	835	10000	1	68	3	785	1	1	1	1	1	835	200
353	836	10000	1	80	1	340	1	1	1	1	1	836	200
354	837	10000	1	82	2	340	1	1	1	1	1	837	200
355	838	10000	1	84	1	569	1	1	1	1	1	838	200
356	842	10000	1	188	4	407	1	1	1	1	1	842	200
357	844	10000	1	187	1	789	1	1	1	1	1	844	200
358	845	10000	1	189	1	408	1	1	1	1	1	845	200
359	847	10000	1	178	3	170	1	1	1	1	1	847	200
360	848	10000	1	175	2	626	1	1	1	1	1	848	200
361	850	10000	1	174	1	278	1	1	1	1	1	850	200
362	856	10000	1	151	1	357	1	1	1	1	1	856	200
363	857	10000	1	111	1	1655	1	1	1	1	1	857	200
364	860	10000	1	181	3	1140	1	1	1	1	1	860	200
365	863	10000	1	1	2	488	1	1	1	1	1	863	200
366	869	10000	1	6	1	492	1	1	1	1	1	869	200
367	873	10000	1	14	3	894	1	1	1	1	1	873	200
368	876	10000	1	14	1	325	1	1	1	1	1	876	200
369	885	10000	1	40	3	568	1	1	1	1	1	885	200
370	886	10000	1	37	1	509	1	1	1	1	1	886	200
371	887	10000	1	50	3	566	1	1	1	1	1	887	200
372	888	10000	1	33	1	493	1	1	1	1	1	888	200
373	891	10000	1	34	1	489	1	1	1	1	1	891	200
374	895	10000	1	26	1	399	1	1	1	1	1	895	200
375	897	10000	1	57	1	707	1	1	1	1	1	897	200
376	898	10000	1	106	2	351	1	1	1	1	1	898	200
377	899	10000	1	84	1	712	1	1	1	1	1	899	200
378	900	10000	1	80	1	569	1	1	1	1	1	900	200
379	901	10000	1	52	1	288	1	1	1	1	1	901	200
380	902	10000	1	63	1	295	1	1	1	1	1	902	200
381	909	10000	1	77	3	340	1	1	1	1	1	909	200
382	910	10000	1	71	1	714	1	1	1	1	1	910	200
383	911	10000	1	78	3	259	1	1	1	1	1	911	200
384	912	10000	1	70	2	80	1	1	1	1	1	912	200
385	913	10000	1	67	3	102	1	1	1	1	1	913	200
386	914	10000	1	51	1	1514	1	1	1	1	1	914	200
387	915	10000	1	66	2	237	1	1	1	1	1	915	200
388	916	10000	1	102	3	768	1	1	1	1	1	916	200
389	917	10000	1	99	1	1428	1	1	1	1	1	917	200
390	918	10000	1	88	4	232	1	1	1	1	1	918	200
391	919	10000	1	82	1	243	1	1	1	1	1	919	200
392	920	10000	1	102	1	87	1	1	1	1	1	920	200
393	924	10000	1	111	4	677	1	1	1	1	1	924	200
394	925	10000	1	82	3	573	1	1	1	1	1	925	200
395	926	10000	1	68	3	375	1	1	1	1	1	926	200
396	927	10000	1	84	3	786	1	1	1	1	1	927	200
397	928	10000	1	61	3	248	1	1	1	1	1	928	200
398	929	10000	1	62	3	382	1	1	1	1	1	929	200
399	930	10000	1	55	2	251	1	1	1	1	1	930	200
400	931	10000	1	56	1	598	1	1	1	1	1	931	200
401	932	10000	1	59	3	309	1	1	1	1	1	932	200
402	935	10000	1	49	1	512	1	1	1	1	1	935	200
403	938	10000	1	188	3	789	1	1	1	1	1	938	200
404	943	10000	1	181	1	670	1	1	1	1	1	943	200
405	944	10000	1	176	3	1613	1	1	1	1	1	944	200
406	948	10000	1	151	1	384	1	1	1	1	1	948	200
407	956	10000	1	189	1	817	1	1	1	1	1	956	200
408	957	10000	1	198	1	658	1	1	1	1	1	957	200
409	958	10000	1	198	3	789	1	1	1	1	1	958	200
410	967	10000	1	192	1	198	1	1	1	1	1	967	200
411	973	10000	1	197	2	352	1	1	1	1	1	973	200
412	975	10000	1	149	3	346	1	1	1	1	1	975	200
413	976	10000	1	150	1	709	1	1	1	1	1	976	200
414	980	10000	1	180	1	403	1	1	1	1	1	980	200
415	981	10000	1	193	3	803	1	1	1	1	1	981	200
416	982	10000	1	129	1	325	1	1	1	1	1	982	200
417	984	10000	1	182	1	656	1	1	1	1	1	984	200
418	985	10000	1	161	2	618	1	1	1	1	1	985	200
419	986	10000	1	146	1	401	1	1	1	1	1	986	200
420	987	10000	1	165	3	330	1	1	1	1	1	987	200
421	988	10000	1	58	3	1137	1	1	1	1	1	988	200
422	989	10000	1	95	1	450	1	1	1	1	1	989	200
423	990	10000	1	91	3	333	1	1	1	1	1	990	200
424	991	10000	1	97	1	912	1	1	1	1	1	991	200
425	992	10000	1	202	3	580	1	1	1	1	1	992	200
426	993	10000	1	130	1	101	1	1	1	1	1	993	200
427	994	10000	1	131	2	538	1	1	1	1	1	994	200
428	995	10000	1	117	3	781	1	1	1	1	1	995	200
429	999	10000	1	5	1	618	1	1	1	1	1	999	200
430	1000	10000	1	7	1	139	1	1	1	1	1	1000	200
431	1001	10000	1	7	2	542	1	1	1	1	1	1001	200
432	1002	10000	1	9	2	875	1	1	1	1	1	1002	200
433	1003	10000	1	4	2	259	1	1	1	1	1	1003	200
434	1004	10000	1	19	1	692	1	1	1	1	1	1004	200
435	1005	10000	1	13	1	1053	1	1	1	1	1	1005	200
436	1006	10000	1	9	1	831	1	1	1	1	1	1006	200
437	1013	10000	1	35	3	174	1	1	1	1	1	1013	200
438	1017	10000	1	28	1	588	1	1	1	1	1	1017	200
439	1018	10000	1	20	3	466	1	1	1	1	1	1018	200
440	1019	10000	1	35	3	624	1	1	1	1	1	1019	200
441	1020	10000	1	28	3	454	1	1	1	1	1	1020	200
442	1021	10000	1	22	1	489	1	1	1	1	1	1021	200
443	1023	10000	1	38	2	748	1	1	1	1	1	1023	200
444	1026	10000	1	53	3	387	1	1	1	1	1	1026	200
445	1027	10000	1	51	3	222	1	1	1	1	1	1027	200
446	1028	10000	1	25	2	1072	1	1	1	1	1	1028	200
447	1033	10000	1	11	1	521	1	1	1	1	1	1033	200
448	1034	10000	1	20	1	1008	1	1	1	1	1	1034	200
449	1035	10000	1	13	2	364	1	1	1	1	1	1035	200
450	1036	10000	1	22	3	626	1	1	1	1	1	1036	200
451	1044	10000	1	100	1	491	1	1	1	1	1	1044	200
452	1046	10000	1	100	3	183	1	1	1	1	1	1046	200
453	1051	10000	1	54	1	547	1	1	1	1	1	1051	200
454	1053	10000	1	210	3	500	1	1	1	1	1	1053	200
455	1057	10000	1	139	1	190	1	1	1	1	1	1057	200
456	1064	10000	1	108	2	818	1	1	1	1	1	1064	200
457	1073	10000	1	173	2	529	1	1	1	1	1	1073	200
458	1076	10000	1	172	1	678	1	1	1	1	1	1076	200
459	1078	10000	1	171	1	413	1	1	1	1	1	1078	200
460	1079	10000	1	183	1	810	1	1	1	1	1	1079	200
461	1081	10000	1	169	2	974	1	1	1	1	1	1081	200
462	1082	10000	1	170	1	227	1	1	1	1	1	1082	200
463	1084	10000	1	135	2	1143	1	1	1	1	1	1084	200
464	1086	10000	1	191	3	910	1	1	1	1	1	1086	200
465	1092	10000	1	148	3	134	1	1	1	1	1	1092	200
466	1095	10000	1	149	1	858	1	1	1	1	1	1095	200
467	1102	10000	1	4	1	98	1	1	1	1	1	1102	200
468	1106	10000	1	16	3	740	1	1	1	1	1	1106	200
469	1107	10000	1	105	2	402	1	1	1	1	1	1107	200
470	1108	10000	1	195	2	285	1	1	1	1	1	1108	200
471	1110	10000	1	31	1	2866	1	1	1	1	1	1110	200
472	1114	10000	1	39	3	395	1	1	1	1	1	1114	200
473	1118	10000	1	87	2	522	1	1	1	1	1	1118	200
474	1120	10000	1	5	3	276	1	1	1	1	1	1120	200
475	1121	10000	1	110	2	815	1	1	1	1	1	1121	200
476	1122	10000	1	17	1	1377	1	1	1	1	1	1122	200
477	1123	10000	1	10	3	288	1	1	1	1	1	1123	200
478	1124	10000	1	18	2	229	1	1	1	1	1	1124	200
479	1125	10000	1	118	1	300	1	1	1	1	1	1125	200
480	1126	10000	1	137	2	202	1	1	1	1	1	1126	200
481	1129	10000	1	200	5	1125	1	1	1	1	1	1129	200
482	1135	10000	1	32	1	941	1	1	1	1	1	1135	200
483	1138	10000	1	94	2	297	1	1	1	1	1	1138	200
484	1139	10000	1	94	1	572	1	1	1	1	1	1139	200
485	1140	10000	1	114	1	811	1	1	1	1	1	1140	200
486	1141	10000	1	115	3	620	1	1	1	1	1	1141	200
487	1142	10000	1	109	2	233	1	1	1	1	1	1142	200
488	1143	10000	1	128	1	440	1	1	1	1	1	1143	200
489	1145	10000	1	19	3	338	1	1	1	1	1	1145	200
490	1146	10000	1	39	1	626	1	1	1	1	1	1146	200
491	1148	10000	1	23	1	552	1	1	1	1	1	1148	200
492	1149	10000	1	76	1	340	1	1	1	1	1	1149	200
493	1151	10000	1	48	1	544	1	1	1	1	1	1151	200
494	1152	10000	1	75	3	363	1	1	1	1	1	1152	200
495	1154	10000	1	10	1	908	1	1	1	1	1	1154	200
496	1155	10000	1	65	1	373	1	1	1	1	1	1155	200
497	1161	10000	1	39	1	941	1	1	1	1	1	1161	200
498	1165	10000	1	133	1	211	1	1	1	1	1	1165	200
499	1170	10000	1	162	3	489	1	1	1	1	1	1170	200
500	1171	10000	1	167	3	1270	1	1	1	1	1	1171	200
501	1172	10000	1	143	1	602	1	1	1	1	1	1172	200
502	1175	10000	1	73	2	295	1	1	1	1	1	1175	200
503	1177	10000	1	73	1	139	1	1	1	1	1	1177	200
504	1178	10000	1	92	3	325	1	1	1	1	1	1178	200
505	1180	10000	1	112	1	426	1	1	1	1	1	1180	200
506	1183	10000	1	118	1	1250	1	1	1	1	1	1183	200
507	1187	10000	1	155	3	478	1	1	1	1	1	1187	200
508	1188	10000	1	156	3	808	1	1	1	1	1	1188	200
509	1189	10000	1	158	2	1208	1	1	1	1	1	1189	200
510	1190	10000	1	170	3	1617	1	1	1	1	1	1190	200
511	1192	10000	1	46	1	290	1	1	1	1	1	1192	200
512	1193	10000	1	83	2	89	1	1	1	1	1	1193	200
513	1195	10000	1	67	1	243	1	1	1	1	1	1195	200
514	1197	10000	1	101	3	192	1	1	1	1	1	1197	200
515	1198	10000	1	88	1	247	1	1	1	1	1	1198	200
516	1199	10000	1	90	1	239	1	1	1	1	1	1199	200
517	1202	10000	1	81	1	966	1	1	1	1	1	1202	200
518	1205	10000	1	87	1	233	1	1	1	1	1	1205	200
519	1206	10000	1	99	3	150	1	1	1	1	1	1206	200
520	1207	10000	1	177	1	349	1	1	1	1	1	1207	200
521	1209	10000	1	147	3	977	1	1	1	1	1	1209	200
522	1210	10000	1	152	1	1068	1	1	1	1	1	1210	200
523	1211	10000	1	32	2	1530	1	1	1	1	1	1211	200
524	1217	10000	1	89	3	116	1	1	1	1	1	1217	200
525	1218	10000	1	86	2	169	1	1	1	1	1	1218	200
526	1219	10000	1	89	1	116	1	1	1	1	1	1219	200
527	1220	10000	1	100	1	126	1	1	1	1	1	1220	200
528	1222	10000	1	182	3	456	1	1	1	1	1	1222	200
529	1226	10000	1	64	2	140	1	1	1	1	1	1226	200
530	1227	10000	1	44	1	624	1	1	1	1	1	1227	200
531	1228	10000	1	44	1	598	1	1	1	1	1	1228	200
532	1229	10000	1	47	1	691	1	1	1	1	1	1229	200
533	1231	10000	1	103	1	217	1	1	1	1	1	1231	200
534	1232	10000	1	30	2	606	1	1	1	1	1	1232	200
535	1234	10000	1	121	1	817	1	1	1	1	1	1234	200
536	1235	10000	1	42	1	2505	1	1	1	1	1	1235	200
537	1236	10000	1	92	1	218	1	1	1	1	1	1236	200
538	1237	10000	1	42	3	1236	1	1	1	1	1	1237	200
539	1238	10000	1	164	1	827	1	1	1	1	1	1238	200
540	1239	10000	1	123	1	396	1	1	1	1	1	1239	200
541	1240	10000	1	144	1	989	1	1	1	1	1	1240	200
542	1241	10000	1	162	1	821	1	1	1	1	1	1241	200
543	1242	10000	1	187	3	862	1	1	1	1	1	1242	200
544	1243	10000	1	189	3	856	1	1	1	1	1	1243	200
545	1244	10000	1	151	3	1547	1	1	1	1	1	1244	200
546	1245	10000	1	159	3	297	1	1	1	1	1	1245	200
547	1247	10000	1	200	3	2434	1	1	1	1	1	1247	200
548	1248	10000	1	183	3	251	1	1	1	1	1	1248	200
549	1251	10000	1	196	2	120	1	1	1	1	1	1251	200
550	1252	10000	1	197	3	770	1	1	1	1	1	1252	200
551	1258	10000	1	151	3	297	1	1	1	1	1	1258	200
552	1259	10000	1	159	2	78	1	1	1	1	1	1259	200
553	1263	10000	1	133	1	781	1	1	1	1	1	1263	200
554	1264	10000	1	123	3	325	1	1	1	1	1	1264	200
555	1268	10000	1	75	1	295	1	1	1	1	1	1268	200
556	1269	10000	1	125	3	580	1	1	1	1	1	1269	200
557	1270	10000	1	104	2	890	1	1	1	1	1	1270	200
558	1273	10000	1	14	3	766	1	1	1	1	1	1273	200
559	1274	10000	1	121	3	803	1	1	1	1	1	1274	200
560	1275	10000	1	58	1	670	1	1	1	1	1	1275	200
561	1276	10000	1	143	3	443	1	1	1	1	1	1276	200
562	1277	10000	1	90	3	91	1	1	1	1	1	1277	200
563	1279	10000	1	115	1	595	1	1	1	1	1	1279	200
564	1280	10000	1	92	1	973	1	1	1	1	1	1280	200
565	1282	10000	1	168	3	806	1	1	1	1	1	1282	200
566	1284	10000	1	3	2	371	1	1	1	1	1	1284	200
567	1286	10000	1	2	2	148	1	1	1	1	1	1286	200
568	1288	10000	1	153	1	784	1	1	1	1	1	1288	200
569	1289	10000	1	43	2	70	1	1	1	1	1	1289	200
570	1290	10000	1	125	1	1900	1	1	1	1	1	1290	200
571	1291	10000	1	116	2	222	1	1	1	1	1	1291	200
572	1292	10000	1	107	1	233	1	1	1	1	1	1292	200
573	1294	10000	1	107	2	678	1	1	1	1	1	1294	200
574	1295	10000	1	103	3	451	1	1	1	1	1	1295	200
575	1298	10000	1	119	3	620	1	1	1	1	1	1298	200
576	1299	10000	1	103	3	1900	1	1	1	1	1	1299	200
577	1300	10000	1	47	2	684	1	1	1	1	1	1300	200
578	1301	10000	1	54	2	224	1	1	1	1	1	1301	200
579	1302	10000	1	72	3	586	1	1	1	1	1	1302	200
580	1303	10000	1	95	3	779	1	1	1	1	1	1303	200
581	1304	10000	1	108	1	540	1	1	1	1	1	1304	200
582	1306	10000	1	12	3	719	1	1	1	1	1	1306	200
583	1307	10000	1	29	2	805	1	1	1	1	1	1307	200
584	1308	10000	1	15	1	1037	1	1	1	1	1	1308	200
585	1309	10000	1	15	3	221	1	1	1	1	1	1309	200
586	1310	10000	1	12	1	529	1	1	1	1	1	1310	200
587	1311	10000	1	44	3	322	1	1	1	1	1	1311	200
588	1312	10000	1	35	1	530	1	1	1	1	1	1312	200
589	1314	10000	1	31	2	597	1	1	1	1	1	1314	200
590	1316	10000	1	30	1	2248	1	1	1	1	1	1316	200
591	1317	10000	1	53	1	243	1	1	1	1	1	1317	200
592	1318	10000	1	96	3	291	1	1	1	1	1	1318	200
593	1319	10000	1	96	1	136	1	1	1	1	1	1319	200
594	1320	10000	1	91	2	369	1	1	1	1	1	1320	200
595	1321	10000	1	113	3	358	1	1	1	1	1	1321	200
596	1322	10000	1	114	3	817	1	1	1	1	1	1322	200
597	1323	10000	1	117	1	815	1	1	1	1	1	1323	200
598	1324	10000	1	121	1	647	1	1	1	1	1	1324	200
599	1325	10000	1	144	2	788	1	1	1	1	1	1325	200
600	1326	10000	1	118	3	1612	1	1	1	1	1	1326	200
601	1327	10000	1	36	1	526	1	1	1	1	1	1327	200
602	1328	10000	1	93	1	213	1	1	1	1	1	1328	200
603	1330	10000	1	36	2	3654	1	1	1	1	1	1330	200
604	1331	10000	1	136	3	193	1	1	1	1	1	1331	200
605	1332	10000	1	134	2	265	1	1	1	1	1	1332	200
606	1333	10000	1	133	3	269	1	1	1	1	1	1333	200
607	1334	10000	1	120	1	321	1	1	1	1	1	1334	200
608	1335	10000	1	129	3	186	1	1	1	1	1	1335	200
609	1336	10000	1	132	1	801	1	1	1	1	1	1336	200
610	1337	10000	1	130	3	207	1	1	1	1	1	1337	200
611	1338	10000	1	120	3	739	1	1	1	1	1	1338	200
612	1339	10000	1	126	1	194	1	1	1	1	1	1339	200
613	1340	10000	1	79	2	460	1	1	1	1	1	1340	200
614	1343	10000	1	72	1	247	1	1	1	1	1	1343	200
615	1344	10000	1	85	1	422	1	1	1	1	1	1344	200
616	1346	10000	1	45	2	510	1	1	1	1	1	1346	200
617	1347	10000	1	200	5	728	1	1	1	1	1	1347	200
618	1348	10000	1	147	1	415	1	1	1	1	1	1348	200
619	1352	10000	1	148	1	539	1	1	1	1	1	1352	200
620	1355	10000	1	171	3	209	1	1	1	1	1	1355	200
621	1356	10000	1	179	3	674	1	1	1	1	1	1356	200
622	1357	10000	1	180	2	256	1	1	1	1	1	1357	200
623	1358	10000	1	173	1	398	1	1	1	1	1	1358	200
624	1361	10000	1	199	3	472	1	1	1	1	1	1361	200
625	1362	10000	1	199	1	798	1	1	1	1	1	1362	200
626	1363	10000	1	195	1	810	1	1	1	1	1	1363	200
627	1364	10000	1	150	2	551	1	1	1	1	1	1364	200
628	1365	10000	1	164	2	650	1	1	1	1	1	1365	200
629	1366	10000	1	153	3	759	1	1	1	1	1	1366	200
630	1367	10000	1	165	1	640	1	1	1	1	1	1367	200
631	1368	10000	1	139	3	602	1	1	1	1	1	1368	200
632	1369	10000	1	142	2	784	1	1	1	1	1	1369	200
633	1370	10000	1	154	3	410	1	1	1	1	1	1370	200
634	1371	10000	1	153	1	136	1	1	1	1	1	1371	200
635	1372	10000	1	143	1	778	1	1	1	1	1	1372	200
636	1373	10000	1	154	1	127	1	1	1	1	1	1373	200
637	1374	10000	1	160	1	564	1	1	1	1	1	1374	200
638	1375	10000	1	160	3	530	1	1	1	1	1	1375	200
639	1376	10000	1	172	3	399	1	1	1	1	1	1376	200
640	1378	10000	1	184	3	1609	1	1	1	1	1	1378	200
641	1379	10000	1	167	1	1613	1	1	1	1	1	1379	200
642	1380	10000	1	166	2	915	1	1	1	1	1	1380	200
643	1381	10000	1	192	2	803	1	1	1	1	1	1381	200
644	1382	10000	1	179	1	1216	1	1	1	1	1	1382	200
645	1383	10000	1	193	1	809	1	1	1	1	1	1383	200
646	1384	10000	1	191	1	810	1	1	1	1	1	1384	200
647	1386	10000	1	132	3	788	1	1	1	1	1	1386	200
648	1387	10000	1	146	3	808	1	1	1	1	1	1387	200
649	1388	10000	1	155	1	813	1	1	1	1	1	1388	200
650	1390	10000	1	144	2	813	1	1	1	1	1	1390	200
651	1391	10000	1	155	1	813	1	1	1	1	1	1391	200
652	1392	10000	1	156	1	812	1	1	1	1	1	1392	200
653	1393	10000	1	168	1	1616	1	1	1	1	1	1393	200
654	1394	10000	1	185	3	1604	1	1	1	1	1	1394	200
655	1395	10000	1	184	1	810	1	1	1	1	1	1395	200
656	1397	10000	1	194	4	807	1	1	1	1	1	1397	200
657	1399	10000	1	145	1	798	1	1	1	1	1	1399	200
658	1400	10000	1	157	3	211	1	1	1	1	1	1400	200
659	1401	10000	1	157	1	408	1	1	1	1	1	1401	200
660	1402	10000	1	185	1	1617	1	1	1	1	1	1402	200
661	1406	10000	1	141	2	484	1	1	1	1	1	1406	200
662	1407	10000	1	145	4	1611	1	1	1	1	1	1407	200
663	1409	10000	1	6	3	854	1	1	1	1	1	1409	200
664	1411	10000	1	1	1	67	1	1	1	1	1	1411	200
665	1414	10000	1	17	2	894	1	1	1	1	1	1414	200
666	1417	10000	1	23	3	803	1	1	1	1	1	1417	200
667	1418	10000	1	37	3	898	1	1	1	1	1	1418	200
668	1419	10000	1	33	2	867	1	1	1	1	1	1419	200
669	1420	10000	1	27	3	329	1	1	1	1	1	1420	200
670	1421	10000	1	26	2	524	1	1	1	1	1	1421	200
671	1422	10000	1	21	3	273	1	1	1	1	1	1422	200
672	1423	10000	1	41	2	1129	1	1	1	1	1	1423	200
673	1425	10000	1	48	3	948	1	1	1	1	1	1425	200
674	1427	10000	1	40	1	1005	1	1	1	1	1	1427	200
675	1428	10000	1	34	3	767	1	1	1	1	1	1428	200
676	1429	10000	1	24	1	559	1	1	1	1	1	1429	200
677	1430	10000	1	46	3	1055	1	1	1	1	1	1430	200
678	1432	10000	1	52	3	903	1	1	1	1	1	1432	200
679	1433	10000	1	41	1	539	1	1	1	1	1	1433	200
680	1434	10000	1	50	1	544	1	1	1	1	1	1434	200
681	1435	10000	1	56	3	555	1	1	1	1	1	1435	200
682	1436	10000	1	49	3	1081	1	1	1	1	1	1436	200
683	1437	10000	1	57	3	832	1	1	1	1	1	1437	200
684	1438	10000	1	63	3	307	1	1	1	1	1	1438	200
685	1439	10000	1	65	3	200	1	1	1	1	1	1439	200
686	1440	10000	1	59	1	287	1	1	1	1	1	1440	200
687	1441	10000	1	71	3	411	1	1	1	1	1	1441	200
688	1442	10000	1	62	1	364	1	1	1	1	1	1442	200
689	1446	10000	1	8	1	539	1	1	1	1	1	1446	200
690	1448	10000	1	75	3	1428	1	1	1	1	1	1448	200
691	1449	10000	1	106	1	435	1	1	1	1	1	1449	200
692	1452	10000	1	98	3	747	1	1	1	1	1	1452	200
693	1455	10000	1	69	3	917	1	1	1	1	1	1455	200
694	1456	10000	1	78	1	340	1	1	1	1	1	1456	200
695	1457	10000	1	81	3	420	1	1	1	1	1	1457	200
696	1458	10000	1	68	1	340	1	1	1	1	1	1458	200
697	1460	10000	1	76	3	785	1	1	1	1	1	1460	200
698	1461	10000	1	80	3	779	1	1	1	1	1	1461	200
699	1462	10000	1	24	3	452	1	1	1	1	1	1462	200
700	1463	10000	1	21	1	550	1	1	1	1	1	1463	200
701	1464	10000	1	198	1	810	1	1	1	1	1	1464	200
702	1465	10000	1	188	1	860	1	1	1	1	1	1465	200
703	1466	10000	1	190	1	407	1	1	1	1	1	1466	200
704	1469	10000	1	186	2	381	1	1	1	1	1	1469	200
705	1470	10000	1	187	1	419	1	1	1	1	1	1470	200
706	1472	10000	1	187	3	381	1	1	1	1	1	1472	200
707	1473	10000	1	178	1	104	1	1	1	1	1	1473	200
708	1475	10000	1	177	2	484	1	1	1	1	1	1475	200
709	1476	10000	1	174	3	291	1	1	1	1	1	1476	200
710	1477	10000	1	178	3	626	1	1	1	1	1	1477	200
711	1478	10000	1	174	1	1164	1	1	1	1	1	1478	200
712	1479	10000	1	175	3	278	1	1	1	1	1	1479	200
713	1480	10000	1	189	3	1613	1	1	1	1	1	1480	200
714	1482	10000	1	176	1	462	1	1	1	1	1	1482	200
715	1485	10000	1	124	3	1547	1	1	1	1	1	1485	200
716	1488	10000	1	138	2	2738	1	1	1	1	1	1488	200
717	1489	10000	1	124	1	537	1	1	1	1	1	1489	200
718	1501	10000	1	70	1	500	1	1	1	1	1	1491	200
719	1503	10000	1	122	1	160	1	1	1	1	1	1493	200
720	1505	10000	1	202	1	400	1	1	1	1	1	1495	200
721	1507	10000	1	203	1	500	1	1	1	1	1	1497	200
722	1508	10000	1	203	3	580	1	1	1	1	1	1498	200
723	1509	10000	1	202	2	580	1	1	1	1	1	1499	200
724	1510	10000	1	203	2	580	1	1	1	1	1	1500	200
725	1515	10000	1	127	3	440	1	1	1	1	1	1505	200
