Loop Detector Locations for subnet 3
3561	0
1	1	1	0.05	0.005	300
2	1	2	0.05	0.005	300
3	1	3	0.05	0.005	300
4	1	4	0.05	0.005	300
5	1	5	0.05	0.005	300
6	1	6	0.05	0.005	300
7	1	7	0.05	0.005	300
8	1	8	0.05	0.005	300
9	1	9	0.05	0.005	300
10	1	10	0.05	0.005	300
11	1	11	0.05	0.005	300
12	1	12	0.05	0.005	300
13	1	13	0.05	0.005	300
14	1	14	0.05	0.005	300
15	1	15	0.05	0.005	300
16	1	16	0.05	0.005	300
17	1	17	0.05	0.005	300
18	1	18	0.05	0.005	300
19	1	19	0.05	0.005	300
20	1	20	0.05	0.005	300
21	1	21	0.05	0.005	300
22	1	22	0.05	0.005	300
23	1	23	0.05	0.005	300
24	1	24	0.05	0.005	300
25	1	25	0.05	0.005	300
26	1	26	0.05	0.005	300
27	1	27	0.05	0.005	300
28	1	28	0.05	0.005	300
29	1	29	0.05	0.005	300
30	1	30	0.05	0.005	300
31	1	31	0.05	0.005	300
32	1	32	0.05	0.005	300
33	1	33	0.05	0.005	300
34	1	34	0.05	0.005	300
35	1	35	0.05	0.005	300
36	1	36	0.05	0.005	300
37	1	37	0.05	0.005	300
38	1	38	0.05	0.005	300
39	1	39	0.05	0.005	300
40	1	40	0.05	0.005	300
41	1	41	0.05	0.005	300
42	1	42	0.05	0.005	300
43	1	43	0.05	0.005	300
44	1	44	0.05	0.005	300
45	1	45	0.05	0.005	300
46	1	46	0.05	0.005	300
47	1	47	0.05	0.005	300
48	1	48	0.05	0.005	300
49	1	49	0.05	0.005	300
50	1	50	0.05	0.005	300
51	1	51	0.05	0.005	300
52	1	52	0.05	0.005	300
53	1	53	0.05	0.005	300
54	1	54	0.05	0.005	300
55	1	55	0.05	0.005	300
56	1	56	0.05	0.005	300
57	1	57	0.05	0.005	300
58	1	58	0.05	0.005	300
59	1	59	0.05	0.005	300
60	1	60	0.05	0.005	300
61	1	61	0.05	0.005	300
62	1	62	0.05	0.005	300
63	1	63	0.05	0.005	300
64	1	64	0.05	0.005	300
65	1	65	0.05	0.005	300
66	1	66	0.05	0.005	300
67	1	67	0.05	0.005	300
68	1	68	0.05	0.005	300
69	1	69	0.05	0.005	300
70	1	70	0.05	0.005	300
71	1	71	0.05	0.005	300
72	1	72	0.05	0.005	300
73	1	73	0.05	0.005	300
74	1	74	0.05	0.005	300
75	1	75	0.05	0.005	300
76	1	76	0.05	0.005	300
77	1	77	0.05	0.005	300
78	1	78	0.05	0.005	300
79	1	79	0.05	0.005	300
80	1	80	0.05	0.005	300
81	1	81	0.05	0.005	300
82	1	82	0.05	0.005	300
83	1	83	0.05	0.005	300
84	1	84	0.05	0.005	300
85	1	85	0.05	0.005	300
86	1	86	0.05	0.005	300
87	1	87	0.05	0.005	300
88	1	88	0.05	0.005	300
89	1	89	0.05	0.005	300
90	1	90	0.05	0.005	300
91	1	91	0.05	0.005	300
92	1	92	0.05	0.005	300
93	1	93	0.05	0.005	300
94	1	94	0.05	0.005	300
95	1	95	0.05	0.005	300
96	1	96	0.05	0.005	300
97	1	97	0.05	0.005	300
98	1	98	0.05	0.005	300
99	1	99	0.05	0.005	300
100	1	100	0.05	0.005	300
101	1	101	0.05	0.005	300
102	1	102	0.05	0.005	300
103	1	103	0.05	0.005	300
104	1	104	0.05	0.005	300
105	1	105	0.05	0.005	300
106	1	106	0.05	0.005	300
107	1	107	0.05	0.005	300
108	1	108	0.05	0.005	300
109	1	109	0.05	0.005	300
110	1	110	0.05	0.005	300
111	1	111	0.05	0.005	300
112	1	112	0.05	0.005	300
113	1	113	0.05	0.005	300
114	1	114	0.05	0.005	300
115	1	115	0.05	0.005	300
116	1	116	0.05	0.005	300
117	1	117	0.05	0.005	300
118	1	118	0.05	0.005	300
119	1	119	0.05	0.005	300
120	1	120	0.05	0.005	300
121	1	121	0.05	0.005	300
122	1	122	0.05	0.005	300
123	1	123	0.05	0.005	300
124	1	124	0.05	0.005	300
125	1	125	0.05	0.005	300
126	1	126	0.05	0.005	300
127	1	127	0.05	0.005	300
128	1	128	0.05	0.005	300
129	1	129	0.05	0.005	300
130	1	130	0.05	0.005	300
131	1	131	0.05	0.005	300
132	1	132	0.05	0.005	300
133	1	133	0.05	0.005	300
134	1	134	0.05	0.005	300
135	1	135	0.05	0.005	300
136	1	136	0.05	0.005	300
137	1	137	0.05	0.005	300
138	1	138	0.05	0.005	300
139	1	139	0.05	0.005	300
140	1	140	0.05	0.005	300
141	1	141	0.05	0.005	300
142	1	142	0.05	0.005	300
143	1	143	0.05	0.005	300
144	1	144	0.05	0.005	300
145	1	145	0.05	0.005	300
146	1	146	0.05	0.005	300
147	1	147	0.05	0.005	300
148	1	148	0.05	0.005	300
149	1	149	0.05	0.005	300
150	1	150	0.05	0.005	300
151	1	151	0.05	0.005	300
152	1	152	0.05	0.005	300
153	1	153	0.05	0.005	300
154	1	154	0.05	0.005	300
155	1	155	0.05	0.005	300
156	1	156	0.05	0.005	300
157	1	157	0.05	0.005	300
158	1	158	0.05	0.005	300
159	1	159	0.05	0.005	300
160	1	160	0.05	0.005	300
161	1	161	0.05	0.005	300
162	1	162	0.05	0.005	300
163	1	163	0.05	0.005	300
164	1	164	0.05	0.005	300
165	1	165	0.05	0.005	300
166	1	166	0.05	0.005	300
167	1	167	0.05	0.005	300
168	1	168	0.05	0.005	300
169	1	169	0.05	0.005	300
170	1	170	0.05	0.005	300
171	1	171	0.05	0.005	300
172	1	172	0.05	0.005	300
173	1	173	0.05	0.005	300
174	1	174	0.05	0.005	300
175	1	175	0.05	0.005	300
176	1	176	0.05	0.005	300
177	1	177	0.05	0.005	300
178	1	178	0.05	0.005	300
179	1	179	0.05	0.005	300
180	1	180	0.05	0.005	300
181	1	181	0.05	0.005	300
182	1	182	0.05	0.005	300
183	1	183	0.05	0.005	300
184	1	184	0.05	0.005	300
185	1	185	0.05	0.005	300
186	1	186	0.05	0.005	300
187	1	187	0.05	0.005	300
188	1	188	0.05	0.005	300
189	1	189	0.05	0.005	300
190	1	190	0.05	0.005	300
191	1	191	0.05	0.005	300
192	1	192	0.05	0.005	300
193	1	193	0.05	0.005	300
194	1	194	0.05	0.005	300
195	1	195	0.05	0.005	300
196	1	196	0.05	0.005	300
197	1	197	0.05	0.005	300
198	1	198	0.05	0.005	300
199	1	199	0.05	0.005	300
200	1	200	0.05	0.005	300
201	1	201	0.05	0.005	300
202	1	202	0.05	0.005	300
203	1	203	0.05	0.005	300
204	1	204	0.05	0.005	300
205	1	205	0.05	0.005	300
206	1	206	0.05	0.005	300
207	1	207	0.05	0.005	300
208	1	208	0.05	0.005	300
209	1	209	0.05	0.005	300
210	1	210	0.05	0.005	300
211	1	211	0.05	0.005	300
212	1	212	0.05	0.005	300
213	1	213	0.05	0.005	300
214	1	214	0.05	0.005	300
215	1	215	0.05	0.005	300
216	1	216	0.05	0.005	300
217	1	217	0.05	0.005	300
218	1	218	0.05	0.005	300
219	1	219	0.05	0.005	300
220	1	220	0.05	0.005	300
221	1	221	0.05	0.005	300
222	1	222	0.05	0.005	300
223	1	223	0.05	0.005	300
224	1	224	0.05	0.005	300
225	1	225	0.05	0.005	300
226	1	226	0.05	0.005	300
227	1	227	0.05	0.005	300
228	1	228	0.05	0.005	300
229	1	229	0.05	0.005	300
230	1	230	0.05	0.005	300
231	1	231	0.05	0.005	300
232	1	232	0.05	0.005	300
233	1	233	0.05	0.005	300
234	1	234	0.05	0.005	300
235	1	235	0.05	0.005	300
236	1	236	0.05	0.005	300
237	1	237	0.05	0.005	300
238	1	238	0.05	0.005	300
239	1	239	0.05	0.005	300
240	1	240	0.05	0.005	300
241	1	241	0.05	0.005	300
242	1	242	0.05	0.005	300
243	1	243	0.05	0.005	300
244	1	244	0.05	0.005	300
245	1	245	0.05	0.005	300
246	1	246	0.05	0.005	300
247	1	247	0.05	0.005	300
248	1	248	0.05	0.005	300
249	1	249	0.05	0.005	300
250	1	250	0.05	0.005	300
251	1	251	0.05	0.005	300
252	1	252	0.05	0.005	300
253	1	253	0.05	0.005	300
254	1	254	0.05	0.005	300
255	1	255	0.05	0.005	300
256	1	256	0.05	0.005	300
257	1	257	0.05	0.005	300
258	1	258	0.05	0.005	300
259	1	259	0.05	0.005	300
260	1	260	0.05	0.005	300
261	1	261	0.05	0.005	300
262	1	262	0.05	0.005	300
263	1	263	0.05	0.005	300
264	1	264	0.05	0.005	300
265	1	265	0.05	0.005	300
266	1	266	0.05	0.005	300
267	1	267	0.05	0.005	300
268	1	268	0.05	0.005	300
269	1	269	0.05	0.005	300
270	1	270	0.05	0.005	300
271	1	271	0.05	0.005	300
272	1	272	0.05	0.005	300
273	1	273	0.05	0.005	300
274	1	274	0.05	0.005	300
275	1	275	0.05	0.005	300
276	1	276	0.05	0.005	300
277	1	277	0.05	0.005	300
278	1	278	0.05	0.005	300
279	1	279	0.05	0.005	300
280	1	280	0.05	0.005	300
281	1	281	0.05	0.005	300
282	1	282	0.05	0.005	300
283	1	283	0.05	0.005	300
284	1	284	0.05	0.005	300
285	1	285	0.05	0.005	300
286	1	286	0.05	0.005	300
287	1	287	0.05	0.005	300
288	1	288	0.05	0.005	300
289	1	289	0.05	0.005	300
290	1	290	0.05	0.005	300
291	1	291	0.05	0.005	300
292	1	292	0.05	0.005	300
293	1	293	0.05	0.005	300
294	1	294	0.05	0.005	300
295	1	295	0.05	0.005	300
296	1	296	0.05	0.005	300
297	1	297	0.05	0.005	300
298	1	298	0.05	0.005	300
299	1	299	0.05	0.005	300
300	1	300	0.05	0.005	300
301	1	301	0.05	0.005	300
302	1	302	0.05	0.005	300
303	1	303	0.05	0.005	300
304	1	304	0.05	0.005	300
305	1	305	0.05	0.005	300
306	1	306	0.05	0.005	300
307	1	307	0.05	0.005	300
308	1	308	0.05	0.005	300
309	1	309	0.05	0.005	300
310	1	310	0.05	0.005	300
311	1	311	0.05	0.005	300
312	1	312	0.05	0.005	300
313	1	313	0.05	0.005	300
314	1	314	0.05	0.005	300
315	1	315	0.05	0.005	300
316	1	316	0.05	0.005	300
317	1	317	0.05	0.005	300
318	1	318	0.05	0.005	300
319	1	319	0.05	0.005	300
320	1	320	0.05	0.005	300
321	1	321	0.05	0.005	300
322	1	322	0.05	0.005	300
323	1	323	0.05	0.005	300
324	1	324	0.05	0.005	300
325	1	325	0.05	0.005	300
326	1	326	0.05	0.005	300
327	1	327	0.05	0.005	300
328	1	328	0.05	0.005	300
329	1	329	0.05	0.005	300
330	1	330	0.05	0.005	300
331	1	331	0.05	0.005	300
332	1	332	0.05	0.005	300
333	1	333	0.05	0.005	300
334	1	334	0.05	0.005	300
335	1	335	0.05	0.005	300
336	1	336	0.05	0.005	300
337	1	337	0.05	0.005	300
338	1	338	0.05	0.005	300
339	1	339	0.05	0.005	300
340	1	340	0.05	0.005	300
341	1	341	0.05	0.005	300
342	1	342	0.05	0.005	300
343	1	343	0.05	0.005	300
344	1	344	0.05	0.005	300
345	1	345	0.05	0.005	300
346	1	346	0.05	0.005	300
347	1	347	0.05	0.005	300
348	1	348	0.05	0.005	300
349	1	349	0.05	0.005	300
350	1	350	0.05	0.005	300
351	1	351	0.05	0.005	300
352	1	352	0.05	0.005	300
353	1	353	0.05	0.005	300
354	1	354	0.05	0.005	300
355	1	355	0.05	0.005	300
356	1	356	0.05	0.005	300
357	1	357	0.05	0.005	300
358	1	358	0.05	0.005	300
359	1	359	0.05	0.005	300
360	1	360	0.05	0.005	300
361	1	361	0.05	0.005	300
362	1	362	0.05	0.005	300
363	1	363	0.05	0.005	300
364	1	364	0.05	0.005	300
365	1	365	0.05	0.005	300
366	1	366	0.05	0.005	300
367	1	367	0.05	0.005	300
368	1	368	0.05	0.005	300
369	1	369	0.05	0.005	300
370	1	370	0.05	0.005	300
371	1	371	0.05	0.005	300
372	1	372	0.05	0.005	300
373	1	373	0.05	0.005	300
374	1	374	0.05	0.005	300
375	1	375	0.05	0.005	300
376	1	376	0.05	0.005	300
377	1	377	0.05	0.005	300
378	1	378	0.05	0.005	300
379	1	379	0.05	0.005	300
380	1	380	0.05	0.005	300
381	1	381	0.05	0.005	300
382	1	382	0.05	0.005	300
383	1	383	0.05	0.005	300
384	1	384	0.05	0.005	300
385	1	385	0.05	0.005	300
386	1	386	0.05	0.005	300
387	1	387	0.05	0.005	300
388	1	388	0.05	0.005	300
389	1	389	0.05	0.005	300
390	1	390	0.05	0.005	300
391	1	391	0.05	0.005	300
392	1	392	0.05	0.005	300
393	1	393	0.05	0.005	300
394	1	394	0.05	0.005	300
395	1	395	0.05	0.005	300
396	1	396	0.05	0.005	300
397	1	397	0.05	0.005	300
398	1	398	0.05	0.005	300
399	1	399	0.05	0.005	300
400	1	400	0.05	0.005	300
401	1	401	0.05	0.005	300
402	1	402	0.05	0.005	300
403	1	403	0.05	0.005	300
404	1	404	0.05	0.005	300
405	1	405	0.05	0.005	300
406	1	406	0.05	0.005	300
407	1	407	0.05	0.005	300
408	1	408	0.05	0.005	300
409	1	409	0.05	0.005	300
410	1	410	0.05	0.005	300
411	1	411	0.05	0.005	300
412	1	412	0.05	0.005	300
413	1	413	0.05	0.005	300
414	1	414	0.05	0.005	300
415	1	415	0.05	0.005	300
416	1	416	0.05	0.005	300
417	1	417	0.05	0.005	300
418	1	418	0.05	0.005	300
419	1	419	0.05	0.005	300
420	1	420	0.05	0.005	300
421	1	421	0.05	0.005	300
422	1	422	0.05	0.005	300
423	1	423	0.05	0.005	300
424	1	425	0.05	0.005	300
425	1	426	0.05	0.005	300
426	1	427	0.05	0.005	300
427	1	428	0.05	0.005	300
428	1	429	0.05	0.005	300
429	1	430	0.05	0.005	300
430	1	431	0.05	0.005	300
431	1	432	0.05	0.005	300
432	1	433	0.05	0.005	300
433	1	434	0.05	0.005	300
434	1	435	0.05	0.005	300
435	1	436	0.05	0.005	300
436	1	437	0.05	0.005	300
437	1	438	0.05	0.005	300
438	1	439	0.05	0.005	300
439	1	440	0.05	0.005	300
440	1	441	0.05	0.005	300
441	1	442	0.05	0.005	300
442	1	443	0.05	0.005	300
443	1	444	0.05	0.005	300
444	1	445	0.05	0.005	300
445	1	446	0.05	0.005	300
446	1	447	0.05	0.005	300
447	1	448	0.05	0.005	300
448	1	449	0.05	0.005	300
449	1	450	0.05	0.005	300
450	1	451	0.05	0.005	300
451	1	452	0.05	0.005	300
452	1	453	0.05	0.005	300
453	1	454	0.05	0.005	300
454	1	455	0.05	0.005	300
455	1	456	0.05	0.005	300
456	1	457	0.05	0.005	300
457	1	458	0.05	0.005	300
458	1	459	0.05	0.005	300
459	1	460	0.05	0.005	300
460	1	461	0.05	0.005	300
461	1	462	0.05	0.005	300
462	1	463	0.05	0.005	300
463	1	464	0.05	0.005	300
464	1	465	0.05	0.005	300
465	1	466	0.05	0.005	300
466	1	467	0.05	0.005	300
467	1	468	0.05	0.005	300
468	1	469	0.05	0.005	300
469	1	470	0.05	0.005	300
470	1	471	0.05	0.005	300
471	1	472	0.05	0.005	300
472	1	473	0.05	0.005	300
473	1	474	0.05	0.005	300
474	1	475	0.05	0.005	300
475	1	476	0.05	0.005	300
476	1	477	0.05	0.005	300
477	1	478	0.05	0.005	300
478	1	479	0.05	0.005	300
479	1	480	0.05	0.005	300
480	1	481	0.05	0.005	300
481	1	482	0.05	0.005	300
482	1	483	0.05	0.005	300
483	1	484	0.05	0.005	300
484	1	485	0.05	0.005	300
485	1	486	0.05	0.005	300
486	1	487	0.05	0.005	300
487	1	488	0.05	0.005	300
488	1	489	0.05	0.005	300
489	1	490	0.05	0.005	300
490	1	491	0.05	0.005	300
491	1	492	0.05	0.005	300
492	1	493	0.05	0.005	300
493	1	494	0.05	0.005	300
494	1	495	0.05	0.005	300
495	1	496	0.05	0.005	300
496	1	497	0.05	0.005	300
497	1	498	0.05	0.005	300
498	1	499	0.05	0.005	300
499	1	500	0.05	0.005	300
500	1	501	0.05	0.005	300
501	1	502	0.05	0.005	300
502	1	503	0.05	0.005	300
503	1	504	0.05	0.005	300
504	1	505	0.05	0.005	300
505	1	506	0.05	0.005	300
506	1	507	0.05	0.005	300
507	1	508	0.05	0.005	300
508	1	509	0.05	0.005	300
509	1	510	0.05	0.005	300
510	1	511	0.05	0.005	300
511	1	512	0.05	0.005	300
512	1	513	0.05	0.005	300
513	1	514	0.05	0.005	300
514	1	515	0.05	0.005	300
515	1	516	0.05	0.005	300
516	1	517	0.05	0.005	300
517	1	518	0.05	0.005	300
518	1	519	0.05	0.005	300
519	1	520	0.05	0.005	300
520	1	521	0.05	0.005	300
521	1	522	0.05	0.005	300
522	1	523	0.05	0.005	300
523	1	524	0.05	0.005	300
524	1	525	0.05	0.005	300
525	1	526	0.05	0.005	300
526	1	527	0.05	0.005	300
527	1	528	0.05	0.005	300
528	1	529	0.05	0.005	300
529	1	530	0.05	0.005	300
530	1	531	0.05	0.005	300
531	1	532	0.05	0.005	300
532	1	533	0.05	0.005	300
533	1	534	0.05	0.005	300
534	1	535	0.05	0.005	300
535	1	536	0.05	0.005	300
536	1	537	0.05	0.005	300
537	1	538	0.05	0.005	300
538	1	539	0.05	0.005	300
539	1	540	0.05	0.005	300
540	1	541	0.05	0.005	300
541	1	542	0.05	0.005	300
542	1	543	0.05	0.005	300
543	1	544	0.05	0.005	300
544	1	545	0.05	0.005	300
545	1	546	0.05	0.005	300
546	1	547	0.05	0.005	300
547	1	548	0.05	0.005	300
548	1	549	0.05	0.005	300
549	1	550	0.05	0.005	300
550	1	551	0.05	0.005	300
551	1	552	0.05	0.005	300
552	1	553	0.05	0.005	300
553	1	554	0.05	0.005	300
554	1	555	0.05	0.005	300
555	1	556	0.05	0.005	300
556	1	557	0.05	0.005	300
557	1	558	0.05	0.005	300
558	1	559	0.05	0.005	300
559	1	560	0.05	0.005	300
560	1	561	0.05	0.005	300
561	1	562	0.05	0.005	300
562	1	563	0.05	0.005	300
563	1	564	0.05	0.005	300
564	1	565	0.05	0.005	300
565	1	566	0.05	0.005	300
566	1	567	0.05	0.005	300
567	1	568	0.05	0.005	300
568	1	569	0.05	0.005	300
569	1	570	0.05	0.005	300
570	1	571	0.05	0.005	300
571	1	572	0.05	0.005	300
572	1	573	0.05	0.005	300
573	1	575	0.05	0.005	300
574	1	576	0.05	0.005	300
575	1	577	0.05	0.005	300
576	1	578	0.05	0.005	300
577	1	579	0.05	0.005	300
578	1	580	0.05	0.005	300
579	1	581	0.05	0.005	300
580	1	582	0.05	0.005	300
581	1	583	0.05	0.005	300
582	1	584	0.05	0.005	300
583	1	585	0.05	0.005	300
584	1	586	0.05	0.005	300
585	1	587	0.05	0.005	300
586	1	588	0.05	0.005	300
587	1	589	0.05	0.005	300
588	1	590	0.05	0.005	300
589	1	591	0.05	0.005	300
590	1	592	0.05	0.005	300
591	1	593	0.05	0.005	300
592	1	594	0.05	0.005	300
593	1	595	0.05	0.005	300
594	1	596	0.05	0.005	300
595	1	597	0.05	0.005	300
596	1	598	0.05	0.005	300
597	1	599	0.05	0.005	300
598	1	600	0.05	0.005	300
599	1	601	0.05	0.005	300
600	1	602	0.05	0.005	300
601	1	603	0.05	0.005	300
602	1	604	0.05	0.005	300
603	1	605	0.05	0.005	300
604	1	606	0.05	0.005	300
605	1	607	0.05	0.005	300
606	1	608	0.05	0.005	300
607	1	609	0.05	0.005	300
608	1	610	0.05	0.005	300
609	1	611	0.05	0.005	300
610	1	612	0.05	0.005	300
611	1	613	0.05	0.005	300
612	1	614	0.05	0.005	300
613	1	615	0.05	0.005	300
614	1	616	0.05	0.005	300
615	1	617	0.05	0.005	300
616	1	618	0.05	0.005	300
617	1	619	0.05	0.005	300
618	1	620	0.05	0.005	300
619	1	621	0.05	0.005	300
620	1	622	0.05	0.005	300
621	1	623	0.05	0.005	300
622	1	624	0.05	0.005	300
623	1	625	0.05	0.005	300
624	1	626	0.05	0.005	300
625	1	627	0.05	0.005	300
626	1	628	0.05	0.005	300
627	1	629	0.05	0.005	300
628	1	630	0.05	0.005	300
629	1	631	0.05	0.005	300
630	1	632	0.05	0.005	300
631	1	633	0.05	0.005	300
632	1	634	0.05	0.005	300
633	1	635	0.05	0.005	300
634	1	636	0.05	0.005	300
635	1	637	0.05	0.005	300
636	1	638	0.05	0.005	300
637	1	639	0.05	0.005	300
638	1	640	0.05	0.005	300
639	1	641	0.05	0.005	300
640	1	642	0.05	0.005	300
641	1	643	0.05	0.005	300
642	1	644	0.05	0.005	300
643	1	645	0.05	0.005	300
644	1	646	0.05	0.005	300
645	1	647	0.05	0.005	300
646	1	648	0.05	0.005	300
647	1	649	0.05	0.005	300
648	1	650	0.05	0.005	300
649	1	651	0.05	0.005	300
650	1	652	0.05	0.005	300
651	1	653	0.05	0.005	300
652	1	654	0.05	0.005	300
653	1	655	0.05	0.005	300
654	1	656	0.05	0.005	300
655	1	657	0.05	0.005	300
656	1	658	0.05	0.005	300
657	1	659	0.05	0.005	300
658	1	660	0.05	0.005	300
659	1	661	0.05	0.005	300
660	1	662	0.05	0.005	300
661	1	663	0.05	0.005	300
662	1	664	0.05	0.005	300
663	1	665	0.05	0.005	300
664	1	666	0.05	0.005	300
665	1	667	0.05	0.005	300
666	1	668	0.05	0.005	300
667	1	669	0.05	0.005	300
668	1	670	0.05	0.005	300
669	1	671	0.05	0.005	300
670	1	672	0.05	0.005	300
671	1	673	0.05	0.005	300
672	1	674	0.05	0.005	300
673	1	675	0.05	0.005	300
674	1	676	0.05	0.005	300
675	1	677	0.05	0.005	300
676	1	678	0.05	0.005	300
677	1	679	0.05	0.005	300
678	1	680	0.05	0.005	300
679	1	681	0.05	0.005	300
680	1	682	0.05	0.005	300
681	1	683	0.05	0.005	300
682	1	684	0.05	0.005	300
683	1	685	0.05	0.005	300
684	1	686	0.05	0.005	300
685	1	687	0.05	0.005	300
686	1	688	0.05	0.005	300
687	1	689	0.05	0.005	300
688	1	690	0.05	0.005	300
689	1	691	0.05	0.005	300
690	1	692	0.05	0.005	300
691	1	693	0.05	0.005	300
692	1	694	0.05	0.005	300
693	1	695	0.05	0.005	300
694	1	696	0.05	0.005	300
695	1	697	0.05	0.005	300
696	1	698	0.05	0.005	300
697	1	699	0.05	0.005	300
698	1	700	0.05	0.005	300
699	1	701	0.05	0.005	300
700	1	702	0.05	0.005	300
701	1	703	0.05	0.005	300
702	1	704	0.05	0.005	300
703	1	705	0.05	0.005	300
704	1	706	0.05	0.005	300
705	1	708	0.05	0.005	300
706	1	709	0.05	0.005	300
707	1	710	0.05	0.005	300
708	1	711	0.05	0.005	300
709	1	712	0.05	0.005	300
710	1	713	0.05	0.005	300
711	1	714	0.05	0.005	300
712	1	715	0.05	0.005	300
713	1	716	0.05	0.005	300
714	1	717	0.05	0.005	300
715	1	718	0.05	0.005	300
716	1	719	0.05	0.005	300
717	1	720	0.05	0.005	300
718	1	721	0.05	0.005	300
719	1	722	0.05	0.005	300
720	1	723	0.05	0.005	300
721	1	724	0.05	0.005	300
722	1	725	0.05	0.005	300
723	1	726	0.05	0.005	300
724	1	727	0.05	0.005	300
725	1	728	0.05	0.005	300
726	1	729	0.05	0.005	300
727	1	730	0.05	0.005	300
728	1	731	0.05	0.005	300
729	1	732	0.05	0.005	300
730	1	733	0.05	0.005	300
731	1	734	0.05	0.005	300
732	1	735	0.05	0.005	300
733	1	736	0.05	0.005	300
734	1	737	0.05	0.005	300
735	1	738	0.05	0.005	300
736	1	739	0.05	0.005	300
737	1	740	0.05	0.005	300
738	1	741	0.05	0.005	300
739	1	742	0.05	0.005	300
740	1	743	0.05	0.005	300
741	1	744	0.05	0.005	300
742	1	745	0.05	0.005	300
743	1	746	0.05	0.005	300
744	1	747	0.05	0.005	300
745	1	748	0.05	0.005	300
746	1	749	0.05	0.005	300
747	1	750	0.05	0.005	300
748	1	751	0.05	0.005	300
749	1	752	0.05	0.005	300
750	1	753	0.05	0.005	300
751	1	754	0.05	0.005	300
752	1	755	0.05	0.005	300
753	1	756	0.05	0.005	300
754	1	757	0.05	0.005	300
755	1	758	0.05	0.005	300
756	1	759	0.05	0.005	300
757	1	760	0.05	0.005	300
758	1	761	0.05	0.005	300
759	1	762	0.05	0.005	300
760	1	763	0.05	0.005	300
761	1	764	0.05	0.005	300
762	1	765	0.05	0.005	300
763	1	766	0.05	0.005	300
764	1	767	0.05	0.005	300
765	1	768	0.05	0.005	300
766	1	769	0.05	0.005	300
767	1	770	0.05	0.005	300
768	1	771	0.05	0.005	300
769	1	772	0.05	0.005	300
770	1	773	0.05	0.005	300
771	1	774	0.05	0.005	300
772	1	775	0.05	0.005	300
773	1	776	0.05	0.005	300
774	1	777	0.05	0.005	300
775	1	778	0.05	0.005	300
776	1	779	0.05	0.005	300
777	1	780	0.05	0.005	300
778	1	781	0.05	0.005	300
779	1	782	0.05	0.005	300
780	1	783	0.05	0.005	300
781	1	784	0.05	0.005	300
782	1	785	0.05	0.005	300
783	1	786	0.05	0.005	300
784	1	787	0.05	0.005	300
785	1	788	0.05	0.005	300
786	1	789	0.05	0.005	300
787	1	790	0.05	0.005	300
788	1	791	0.05	0.005	300
789	1	792	0.05	0.005	300
790	1	793	0.05	0.005	300
791	1	794	0.05	0.005	300
792	1	795	0.05	0.005	300
793	1	796	0.05	0.005	300
794	1	797	0.05	0.005	300
795	1	798	0.05	0.005	300
796	1	799	0.05	0.005	300
797	1	800	0.05	0.005	300
798	1	801	0.05	0.005	300
799	1	802	0.05	0.005	300
800	1	803	0.05	0.005	300
801	1	804	0.05	0.005	300
802	1	805	0.05	0.005	300
803	1	806	0.05	0.005	300
804	1	807	0.05	0.005	300
805	1	808	0.05	0.005	300
806	1	809	0.05	0.005	300
807	1	810	0.05	0.005	300
808	1	811	0.05	0.005	300
809	1	812	0.05	0.005	300
810	1	813	0.05	0.005	300
811	1	814	0.05	0.005	300
812	1	815	0.05	0.005	300
813	1	816	0.05	0.005	300
814	1	817	0.05	0.005	300
815	1	818	0.05	0.005	300
816	1	819	0.05	0.005	300
817	1	820	0.05	0.005	300
818	1	821	0.05	0.005	300
819	1	822	0.05	0.005	300
820	1	823	0.05	0.005	300
821	1	824	0.05	0.005	300
822	1	825	0.05	0.005	300
823	1	826	0.05	0.005	300
824	1	827	0.05	0.005	300
825	1	828	0.05	0.005	300
826	1	829	0.05	0.005	300
827	1	830	0.05	0.005	300
828	1	831	0.05	0.005	300
829	1	832	0.05	0.005	300
830	1	833	0.05	0.005	300
831	1	834	0.05	0.005	300
832	1	835	0.05	0.005	300
833	1	836	0.05	0.005	300
834	1	837	0.05	0.005	300
835	1	838	0.05	0.005	300
836	1	839	0.05	0.005	300
837	1	840	0.05	0.005	300
838	1	841	0.05	0.005	300
839	1	842	0.05	0.005	300
840	1	843	0.05	0.005	300
841	1	844	0.05	0.005	300
842	1	845	0.05	0.005	300
843	1	846	0.05	0.005	300
844	1	847	0.05	0.005	300
845	1	848	0.05	0.005	300
846	1	849	0.05	0.005	300
847	1	850	0.05	0.005	300
848	1	851	0.05	0.005	300
849	1	852	0.05	0.005	300
850	1	853	0.05	0.005	300
851	1	854	0.05	0.005	300
852	1	855	0.05	0.005	300
853	1	856	0.05	0.005	300
854	1	857	0.05	0.005	300
855	1	858	0.05	0.005	300
856	1	859	0.05	0.005	300
857	1	860	0.05	0.005	300
858	1	861	0.05	0.005	300
859	1	862	0.05	0.005	300
860	1	863	0.05	0.005	300
861	1	864	0.05	0.005	300
862	1	865	0.05	0.005	300
863	1	866	0.05	0.005	300
864	1	867	0.05	0.005	300
865	1	868	0.05	0.005	300
866	1	869	0.05	0.005	300
867	1	870	0.05	0.005	300
868	1	871	0.05	0.005	300
869	1	872	0.05	0.005	300
870	1	873	0.05	0.005	300
871	1	874	0.05	0.005	300
872	1	875	0.05	0.005	300
873	1	876	0.05	0.005	300
874	1	877	0.05	0.005	300
875	1	878	0.05	0.005	300
876	1	879	0.05	0.005	300
877	1	880	0.05	0.005	300
878	1	881	0.05	0.005	300
879	1	882	0.05	0.005	300
880	1	883	0.05	0.005	300
881	1	884	0.05	0.005	300
882	1	885	0.05	0.005	300
883	1	886	0.05	0.005	300
884	1	887	0.05	0.005	300
885	1	888	0.05	0.005	300
886	1	889	0.05	0.005	300
887	1	890	0.05	0.005	300
888	1	891	0.05	0.005	300
889	1	892	0.05	0.005	300
890	1	893	0.05	0.005	300
891	1	894	0.05	0.005	300
892	1	895	0.05	0.005	300
893	1	896	0.05	0.005	300
894	1	897	0.05	0.005	300
895	1	898	0.05	0.005	300
896	1	899	0.05	0.005	300
897	1	900	0.05	0.005	300
898	1	901	0.05	0.005	300
899	1	902	0.05	0.005	300
900	1	903	0.05	0.005	300
901	1	904	0.05	0.005	300
902	1	905	0.05	0.005	300
903	1	906	0.05	0.005	300
904	1	907	0.05	0.005	300
905	1	908	0.05	0.005	300
906	1	909	0.05	0.005	300
907	1	910	0.05	0.005	300
908	1	911	0.05	0.005	300
909	1	912	0.05	0.005	300
910	1	913	0.05	0.005	300
911	1	914	0.05	0.005	300
912	1	915	0.05	0.005	300
913	1	916	0.05	0.005	300
914	1	917	0.05	0.005	300
915	1	918	0.05	0.005	300
916	1	919	0.05	0.005	300
917	1	920	0.05	0.005	300
918	1	921	0.05	0.005	300
919	1	922	0.05	0.005	300
920	1	923	0.05	0.005	300
921	1	924	0.05	0.005	300
922	1	925	0.05	0.005	300
923	1	926	0.05	0.005	300
924	1	927	0.05	0.005	300
925	1	928	0.05	0.005	300
926	1	929	0.05	0.005	300
927	1	930	0.05	0.005	300
928	1	931	0.05	0.005	300
929	1	932	0.05	0.005	300
930	1	933	0.05	0.005	300
931	1	934	0.05	0.005	300
932	1	935	0.05	0.005	300
933	1	936	0.05	0.005	300
934	1	937	0.05	0.005	300
935	1	938	0.05	0.005	300
936	1	939	0.05	0.005	300
937	1	940	0.05	0.005	300
938	1	941	0.05	0.005	300
939	1	942	0.05	0.005	300
940	1	943	0.05	0.005	300
941	1	944	0.05	0.005	300
942	1	945	0.05	0.005	300
943	1	946	0.05	0.005	300
944	1	947	0.05	0.005	300
945	1	948	0.05	0.005	300
946	1	949	0.05	0.005	300
947	1	950	0.05	0.005	300
948	1	951	0.05	0.005	300
949	1	952	0.05	0.005	300
950	1	953	0.05	0.005	300
951	1	954	0.05	0.005	300
952	1	955	0.05	0.005	300
953	1	956	0.05	0.005	300
954	1	957	0.05	0.005	300
955	1	958	0.05	0.005	300
956	1	959	0.05	0.005	300
957	1	960	0.05	0.005	300
958	1	961	0.05	0.005	300
959	1	962	0.05	0.005	300
960	1	963	0.05	0.005	300
961	1	964	0.05	0.005	300
962	1	965	0.05	0.005	300
963	1	966	0.05	0.005	300
964	1	967	0.05	0.005	300
965	1	968	0.05	0.005	300
966	1	969	0.05	0.005	300
967	1	970	0.05	0.005	300
968	1	971	0.05	0.005	300
969	1	972	0.05	0.005	300
970	1	973	0.05	0.005	300
971	1	974	0.05	0.005	300
972	1	975	0.05	0.005	300
973	1	976	0.05	0.005	300
974	1	977	0.05	0.005	300
975	1	978	0.05	0.005	300
976	1	979	0.05	0.005	300
977	1	980	0.05	0.005	300
978	1	981	0.05	0.005	300
979	1	982	0.05	0.005	300
980	1	983	0.05	0.005	300
981	1	985	0.05	0.005	300
982	1	986	0.05	0.005	300
983	1	987	0.05	0.005	300
984	1	988	0.05	0.005	300
985	1	989	0.05	0.005	300
986	1	990	0.05	0.005	300
987	1	991	0.05	0.005	300
988	1	992	0.05	0.005	300
989	1	993	0.05	0.005	300
990	1	994	0.05	0.005	300
991	1	995	0.05	0.005	300
992	1	996	0.05	0.005	300
993	1	998	0.05	0.005	300
994	1	999	0.05	0.005	300
995	1	1000	0.05	0.005	300
996	1	1001	0.05	0.005	300
997	1	1002	0.05	0.005	300
998	1	1003	0.05	0.005	300
999	1	1004	0.05	0.005	300
1000	1	1005	0.05	0.005	300
1001	1	1006	0.05	0.005	300
1002	1	1007	0.05	0.005	300
1003	1	1008	0.05	0.005	300
1004	1	1009	0.05	0.005	300
1005	1	1010	0.05	0.005	300
1006	1	1011	0.05	0.005	300
1007	1	1012	0.05	0.005	300
1008	1	1013	0.05	0.005	300
1009	1	1014	0.05	0.005	300
1010	1	1015	0.05	0.005	300
1011	1	1016	0.05	0.005	300
1012	1	1017	0.05	0.005	300
1013	1	1020	0.05	0.005	300
1014	1	1021	0.05	0.005	300
1015	1	1022	0.05	0.005	300
1016	1	1023	0.05	0.005	300
1017	1	1024	0.05	0.005	300
1018	1	1025	0.05	0.005	300
1019	1	1026	0.05	0.005	300
1020	1	1027	0.05	0.005	300
1021	1	1028	0.05	0.005	300
1022	1	1029	0.05	0.005	300
1023	1	1030	0.05	0.005	300
1024	1	1031	0.05	0.005	300
1025	1	1032	0.05	0.005	300
1026	1	1033	0.05	0.005	300
1027	1	1034	0.05	0.005	300
1028	1	1035	0.05	0.005	300
1029	1	1036	0.05	0.005	300
1030	1	1037	0.05	0.005	300
1031	1	1038	0.05	0.005	300
1032	1	1039	0.05	0.005	300
1033	1	1040	0.05	0.005	300
1034	1	1041	0.05	0.005	300
1035	1	1042	0.05	0.005	300
1036	1	1043	0.05	0.005	300
1037	1	1044	0.05	0.005	300
1038	1	1045	0.05	0.005	300
1039	1	1046	0.05	0.005	300
1040	1	1047	0.05	0.005	300
1041	1	1048	0.05	0.005	300
1042	1	1049	0.05	0.005	300
1043	1	1050	0.05	0.005	300
1044	1	1051	0.05	0.005	300
1045	1	1052	0.05	0.005	300
1046	1	1053	0.05	0.005	300
1047	1	1054	0.05	0.005	300
1048	1	1055	0.05	0.005	300
1049	1	1056	0.05	0.005	300
1050	1	1057	0.05	0.005	300
1051	1	1058	0.05	0.005	300
1052	1	1059	0.05	0.005	300
1053	1	1060	0.05	0.005	300
1054	1	1061	0.05	0.005	300
1055	1	1062	0.05	0.005	300
1056	1	1063	0.05	0.005	300
1057	1	1064	0.05	0.005	300
1058	1	1065	0.05	0.005	300
1059	1	1066	0.05	0.005	300
1060	1	1067	0.05	0.005	300
1061	1	1068	0.05	0.005	300
1062	1	1069	0.05	0.005	300
1063	1	1070	0.05	0.005	300
1064	1	1071	0.05	0.005	300
1065	1	1072	0.05	0.005	300
1066	1	1073	0.05	0.005	300
1067	1	1074	0.05	0.005	300
1068	1	1075	0.05	0.005	300
1069	1	1076	0.05	0.005	300
1070	1	1077	0.05	0.005	300
1071	1	1078	0.05	0.005	300
1072	1	1079	0.05	0.005	300
1073	1	1080	0.05	0.005	300
1074	1	1081	0.05	0.005	300
1075	1	1082	0.05	0.005	300
1076	1	1083	0.05	0.005	300
1077	1	1084	0.05	0.005	300
1078	1	1085	0.05	0.005	300
1079	1	1086	0.05	0.005	300
1080	1	1087	0.05	0.005	300
1081	1	1088	0.05	0.005	300
1082	1	1089	0.05	0.005	300
1083	1	1090	0.05	0.005	300
1084	1	1091	0.05	0.005	300
1085	1	1092	0.05	0.005	300
1086	1	1093	0.05	0.005	300
1087	1	1094	0.05	0.005	300
1088	1	1095	0.05	0.005	300
1089	1	1096	0.05	0.005	300
1090	1	1097	0.05	0.005	300
1091	1	1098	0.05	0.005	300
1092	1	1099	0.05	0.005	300
1093	1	1100	0.05	0.005	300
1094	1	1101	0.05	0.005	300
1095	1	1102	0.05	0.005	300
1096	1	1103	0.05	0.005	300
1097	1	1104	0.05	0.005	300
1098	1	1105	0.05	0.005	300
1099	1	1106	0.05	0.005	300
1100	1	1107	0.05	0.005	300
1101	1	1108	0.05	0.005	300
1102	1	1109	0.05	0.005	300
1103	1	1110	0.05	0.005	300
1104	1	1111	0.05	0.005	300
1105	1	1112	0.05	0.005	300
1106	1	1113	0.05	0.005	300
1107	1	1114	0.05	0.005	300
1108	1	1115	0.05	0.005	300
1109	1	1116	0.05	0.005	300
1110	1	1117	0.05	0.005	300
1111	1	1118	0.05	0.005	300
1112	1	1119	0.05	0.005	300
1113	1	1120	0.05	0.005	300
1114	1	1121	0.05	0.005	300
1115	1	1122	0.05	0.005	300
1116	1	1123	0.05	0.005	300
1117	1	1124	0.05	0.005	300
1118	1	1125	0.05	0.005	300
1119	1	1126	0.05	0.005	300
1120	1	1127	0.05	0.005	300
1121	1	1128	0.05	0.005	300
1122	1	1129	0.05	0.005	300
1123	1	1130	0.05	0.005	300
1124	1	1131	0.05	0.005	300
1125	1	1132	0.05	0.005	300
1126	1	1133	0.05	0.005	300
1127	1	1134	0.05	0.005	300
1128	1	1135	0.05	0.005	300
1129	1	1136	0.05	0.005	300
1130	1	1137	0.05	0.005	300
1131	1	1138	0.05	0.005	300
1132	1	1139	0.05	0.005	300
1133	1	1140	0.05	0.005	300
1134	1	1141	0.05	0.005	300
1135	1	1142	0.05	0.005	300
1136	1	1143	0.05	0.005	300
1137	1	1144	0.05	0.005	300
1138	1	1145	0.05	0.005	300
1139	1	1146	0.05	0.005	300
1140	1	1147	0.05	0.005	300
1141	1	1148	0.05	0.005	300
1142	1	1149	0.05	0.005	300
1143	1	1150	0.05	0.005	300
1144	1	1151	0.05	0.005	300
1145	1	1152	0.05	0.005	300
1146	1	1153	0.05	0.005	300
1147	1	1154	0.05	0.005	300
1148	1	1155	0.05	0.005	300
1149	1	1156	0.05	0.005	300
1150	1	1157	0.05	0.005	300
1151	1	1158	0.05	0.005	300
1152	1	1159	0.05	0.005	300
1153	1	1160	0.05	0.005	300
1154	1	1161	0.05	0.005	300
1155	1	1162	0.05	0.005	300
1156	1	1163	0.05	0.005	300
1157	1	1164	0.05	0.005	300
1158	1	1165	0.05	0.005	300
1159	1	1166	0.05	0.005	300
1160	1	1167	0.05	0.005	300
1161	1	1168	0.05	0.005	300
1162	1	1169	0.05	0.005	300
1163	1	1170	0.05	0.005	300
1164	1	1171	0.05	0.005	300
1165	1	1172	0.05	0.005	300
1166	1	1173	0.05	0.005	300
1167	1	1174	0.05	0.005	300
1168	1	1175	0.05	0.005	300
1169	1	1176	0.05	0.005	300
1170	1	1177	0.05	0.005	300
1171	1	1178	0.05	0.005	300
1172	1	1179	0.05	0.005	300
1173	1	1180	0.05	0.005	300
1174	1	1181	0.05	0.005	300
1175	1	1182	0.05	0.005	300
1176	1	1183	0.05	0.005	300
1177	1	1184	0.05	0.005	300
1178	1	1185	0.05	0.005	300
1179	1	1186	0.05	0.005	300
1180	1	1187	0.05	0.005	300
1181	1	1188	0.05	0.005	300
1182	1	1189	0.05	0.005	300
1183	1	1190	0.05	0.005	300
1184	1	1191	0.05	0.005	300
1185	1	1192	0.05	0.005	300
1186	1	1193	0.05	0.005	300
1187	1	1194	0.05	0.005	300
1188	1	1195	0.05	0.005	300
1189	1	1196	0.05	0.005	300
1190	1	1197	0.05	0.005	300
1191	1	1198	0.05	0.005	300
1192	1	1199	0.05	0.005	300
1193	1	1200	0.05	0.005	300
1194	1	1201	0.05	0.005	300
1195	1	1202	0.05	0.005	300
1196	1	1203	0.05	0.005	300
1197	1	1204	0.05	0.005	300
1198	1	1205	0.05	0.005	300
1199	1	1206	0.05	0.005	300
1200	1	1207	0.05	0.005	300
1201	1	1208	0.05	0.005	300
1202	1	1209	0.05	0.005	300
1203	1	1210	0.05	0.005	300
1204	1	1211	0.05	0.005	300
1205	1	1212	0.05	0.005	300
1206	1	1213	0.05	0.005	300
1207	1	1214	0.05	0.005	300
1208	1	1215	0.05	0.005	300
1209	1	1216	0.05	0.005	300
1210	1	1217	0.05	0.005	300
1211	1	1218	0.05	0.005	300
1212	1	1219	0.05	0.005	300
1213	1	1220	0.05	0.005	300
1214	1	1221	0.05	0.005	300
1215	1	1222	0.05	0.005	300
1216	1	1223	0.05	0.005	300
1217	1	1225	0.05	0.005	300
1218	1	1226	0.05	0.005	300
1219	1	1227	0.05	0.005	300
1220	1	1228	0.05	0.005	300
1221	1	1229	0.05	0.005	300
1222	1	1230	0.05	0.005	300
1223	1	1231	0.05	0.005	300
1224	1	1232	0.05	0.005	300
1225	1	1233	0.05	0.005	300
1226	1	1234	0.05	0.005	300
1227	1	1235	0.05	0.005	300
1228	1	1236	0.05	0.005	300
1229	1	1237	0.05	0.005	300
1230	1	1238	0.05	0.005	300
1231	1	1239	0.05	0.005	300
1232	1	1240	0.05	0.005	300
1233	1	1241	0.05	0.005	300
1234	1	1242	0.05	0.005	300
1235	1	1243	0.05	0.005	300
1236	1	1244	0.05	0.005	300
1237	1	1245	0.05	0.005	300
1238	1	1246	0.05	0.005	300
1239	1	1247	0.05	0.005	300
1240	1	1248	0.05	0.005	300
1241	1	1249	0.05	0.005	300
1242	1	1250	0.05	0.005	300
1243	1	1251	0.05	0.005	300
1244	1	1252	0.05	0.005	300
1245	1	1253	0.05	0.005	300
1246	1	1254	0.05	0.005	300
1247	1	1255	0.05	0.005	300
1248	1	1256	0.05	0.005	300
1249	1	1257	0.05	0.005	300
1250	1	1258	0.05	0.005	300
1251	1	1259	0.05	0.005	300
1252	1	1260	0.05	0.005	300
1253	1	1261	0.05	0.005	300
1254	1	1262	0.05	0.005	300
1255	1	1263	0.05	0.005	300
1256	1	1264	0.05	0.005	300
1257	1	1265	0.05	0.005	300
1258	1	1266	0.05	0.005	300
1259	1	1267	0.05	0.005	300
1260	1	1268	0.05	0.005	300
1261	1	1269	0.05	0.005	300
1262	1	1270	0.05	0.005	300
1263	1	1271	0.05	0.005	300
1264	1	1272	0.05	0.005	300
1265	1	1273	0.05	0.005	300
1266	1	1274	0.05	0.005	300
1267	1	1275	0.05	0.005	300
1268	1	1276	0.05	0.005	300
1269	1	1277	0.05	0.005	300
1270	1	1278	0.05	0.005	300
1271	1	1279	0.05	0.005	300
1272	1	1280	0.05	0.005	300
1273	1	1281	0.05	0.005	300
1274	1	1282	0.05	0.005	300
1275	1	1283	0.05	0.005	300
1276	1	1284	0.05	0.005	300
1277	1	1285	0.05	0.005	300
1278	1	1286	0.05	0.005	300
1279	1	1287	0.05	0.005	300
1280	1	1288	0.05	0.005	300
1281	1	1289	0.05	0.005	300
1282	1	1290	0.05	0.005	300
1283	1	1291	0.05	0.005	300
1284	1	1292	0.05	0.005	300
1285	1	1293	0.05	0.005	300
1286	1	1294	0.05	0.005	300
1287	1	1295	0.05	0.005	300
1288	1	1296	0.05	0.005	300
1289	1	1297	0.05	0.005	300
1290	1	1298	0.05	0.005	300
1291	1	1299	0.05	0.005	300
1292	1	1300	0.05	0.005	300
1293	1	1301	0.05	0.005	300
1294	1	1302	0.05	0.005	300
1295	1	1303	0.05	0.005	300
1296	1	1304	0.05	0.005	300
1297	1	1305	0.05	0.005	300
1298	1	1306	0.05	0.005	300
1299	1	1307	0.05	0.005	300
1300	1	1308	0.05	0.005	300
1301	1	1309	0.05	0.005	300
1302	1	1310	0.05	0.005	300
1303	1	1311	0.05	0.005	300
1304	1	1312	0.05	0.005	300
1305	1	1313	0.05	0.005	300
1306	1	1314	0.05	0.005	300
1307	1	1315	0.05	0.005	300
1308	1	1316	0.05	0.005	300
1309	1	1317	0.05	0.005	300
1310	1	1318	0.05	0.005	300
1311	1	1319	0.05	0.005	300
1312	1	1320	0.05	0.005	300
1313	1	1321	0.05	0.005	300
1314	1	1322	0.05	0.005	300
1315	1	1323	0.05	0.005	300
1316	1	1324	0.05	0.005	300
1317	1	1325	0.05	0.005	300
1318	1	1326	0.05	0.005	300
1319	1	1327	0.05	0.005	300
1320	1	1328	0.05	0.005	300
1321	1	1329	0.05	0.005	300
1322	1	1330	0.05	0.005	300
1323	1	1331	0.05	0.005	300
1324	1	1332	0.05	0.005	300
1325	1	1333	0.05	0.005	300
1326	1	1334	0.05	0.005	300
1327	1	1335	0.05	0.005	300
1328	1	1336	0.05	0.005	300
1329	1	1337	0.05	0.005	300
1330	1	1338	0.05	0.005	300
1331	1	1339	0.05	0.005	300
1332	1	1340	0.05	0.005	300
1333	1	1341	0.05	0.005	300
1334	1	1342	0.05	0.005	300
1335	1	1343	0.05	0.005	300
1336	1	1344	0.05	0.005	300
1337	1	1345	0.05	0.005	300
1338	1	1346	0.05	0.005	300
1339	1	1347	0.05	0.005	300
1340	1	1348	0.05	0.005	300
1341	1	1349	0.05	0.005	300
1342	1	1350	0.05	0.005	300
1343	1	1351	0.05	0.005	300
1344	1	1352	0.05	0.005	300
1345	1	1353	0.05	0.005	300
1346	1	1354	0.05	0.005	300
1347	1	1355	0.05	0.005	300
1348	1	1356	0.05	0.005	300
1349	1	1357	0.05	0.005	300
1350	1	1358	0.05	0.005	300
1351	1	1359	0.05	0.005	300
1352	1	1360	0.05	0.005	300
1353	1	1361	0.05	0.005	300
1354	1	1362	0.05	0.005	300
1355	1	1363	0.05	0.005	300
1356	1	1364	0.05	0.005	300
1357	1	1365	0.05	0.005	300
1358	1	1366	0.05	0.005	300
1359	1	1367	0.05	0.005	300
1360	1	1368	0.05	0.005	300
1361	1	1369	0.05	0.005	300
1362	1	1370	0.05	0.005	300
1363	1	1371	0.05	0.005	300
1364	1	1372	0.05	0.005	300
1365	1	1373	0.05	0.005	300
1366	1	1374	0.05	0.005	300
1367	1	1375	0.05	0.005	300
1368	1	1376	0.05	0.005	300
1369	1	1377	0.05	0.005	300
1370	1	1378	0.05	0.005	300
1371	1	1379	0.05	0.005	300
1372	1	1380	0.05	0.005	300
1373	1	1381	0.05	0.005	300
1374	1	1382	0.05	0.005	300
1375	1	1383	0.05	0.005	300
1376	1	1384	0.05	0.005	300
1377	1	1385	0.05	0.005	300
1378	1	1386	0.05	0.005	300
1379	1	1387	0.05	0.005	300
1380	1	1388	0.05	0.005	300
1381	1	1389	0.05	0.005	300
1382	1	1390	0.05	0.005	300
1383	1	1391	0.05	0.005	300
1384	1	1392	0.05	0.005	300
1385	1	1393	0.05	0.005	300
1386	1	1394	0.05	0.005	300
1387	1	1395	0.05	0.005	300
1388	1	1396	0.05	0.005	300
1389	1	1397	0.05	0.005	300
1390	1	1398	0.05	0.005	300
1391	1	1399	0.05	0.005	300
1392	1	1400	0.05	0.005	300
1393	1	1401	0.05	0.005	300
1394	1	1402	0.05	0.005	300
1395	1	1403	0.05	0.005	300
1396	1	1404	0.05	0.005	300
1397	1	1405	0.05	0.005	300
1398	1	1406	0.05	0.005	300
1399	1	1407	0.05	0.005	300
1400	1	1408	0.05	0.005	300
1401	1	1409	0.05	0.005	300
1402	1	1410	0.05	0.005	300
1403	1	1411	0.05	0.005	300
1404	1	1412	0.05	0.005	300
1405	1	1413	0.05	0.005	300
1406	1	1414	0.05	0.005	300
1407	1	1415	0.05	0.005	300
1408	1	1416	0.05	0.005	300
1409	1	1417	0.05	0.005	300
1410	1	1418	0.05	0.005	300
1411	1	1419	0.05	0.005	300
1412	1	1420	0.05	0.005	300
1413	1	1421	0.05	0.005	300
1414	1	1422	0.05	0.005	300
1415	1	1423	0.05	0.005	300
1416	1	1424	0.05	0.005	300
1417	1	1425	0.05	0.005	300
1418	1	1426	0.05	0.005	300
1419	1	1427	0.05	0.005	300
1420	1	1428	0.05	0.005	300
1421	1	1429	0.05	0.005	300
1422	1	1430	0.05	0.005	300
1423	1	1431	0.05	0.005	300
1424	1	1432	0.05	0.005	300
1425	1	1433	0.05	0.005	300
1426	1	1434	0.05	0.005	300
1427	1	1435	0.05	0.005	300
1428	1	1436	0.05	0.005	300
1429	1	1437	0.05	0.005	300
1430	1	1438	0.05	0.005	300
1431	1	1439	0.05	0.005	300
1432	1	1440	0.05	0.005	300
1433	1	1441	0.05	0.005	300
1434	1	1442	0.05	0.005	300
1435	1	1443	0.05	0.005	300
1436	1	1444	0.05	0.005	300
1437	1	1445	0.05	0.005	300
1438	1	1446	0.05	0.005	300
1439	1	1447	0.05	0.005	300
1440	1	1448	0.05	0.005	300
1441	1	1449	0.05	0.005	300
1442	1	1450	0.05	0.005	300
1443	1	1451	0.05	0.005	300
1444	1	1452	0.05	0.005	300
1445	1	1453	0.05	0.005	300
1446	1	1454	0.05	0.005	300
1447	1	1455	0.05	0.005	300
1448	1	1456	0.05	0.005	300
1449	1	1457	0.05	0.005	300
1450	1	1458	0.05	0.005	300
1451	1	1459	0.05	0.005	300
1452	1	1460	0.05	0.005	300
1453	1	1461	0.05	0.005	300
1454	1	1462	0.05	0.005	300
1455	1	1463	0.05	0.005	300
1456	1	1464	0.05	0.005	300
1457	1	1465	0.05	0.005	300
1458	1	1466	0.05	0.005	300
1459	1	1467	0.05	0.005	300
1460	1	1468	0.05	0.005	300
1461	1	1469	0.05	0.005	300
1462	1	1470	0.05	0.005	300
1463	1	1471	0.05	0.005	300
1464	1	1472	0.05	0.005	300
1465	1	1473	0.05	0.005	300
1466	1	1474	0.05	0.005	300
1467	1	1475	0.05	0.005	300
1468	1	1476	0.05	0.005	300
1469	1	1477	0.05	0.005	300
1470	1	1478	0.05	0.005	300
1471	1	1479	0.05	0.005	300
1472	1	1480	0.05	0.005	300
1473	1	1481	0.05	0.005	300
1474	1	1482	0.05	0.005	300
1475	1	1483	0.05	0.005	300
1476	1	1484	0.05	0.005	300
1477	1	1485	0.05	0.005	300
1478	1	1486	0.05	0.005	300
1479	1	1487	0.05	0.005	300
1480	1	1488	0.05	0.005	300
1481	1	1489	0.05	0.005	300
1482	1	1490	0.05	0.005	300
1483	1	1491	0.05	0.005	300
1484	1	1492	0.05	0.005	300
1485	1	1493	0.05	0.005	300
1486	1	1494	0.05	0.005	300
1487	1	1495	0.05	0.005	300
1488	1	1496	0.05	0.005	300
1489	1	1497	0.05	0.005	300
1490	1	1498	0.05	0.005	300
1491	1	1499	0.05	0.005	300
1492	1	1500	0.05	0.005	300
1493	1	1501	0.05	0.005	300
1494	1	1502	0.05	0.005	300
1495	1	1503	0.05	0.005	300
1496	1	1504	0.05	0.005	300
1497	1	1505	0.05	0.005	300
1498	1	1506	0.05	0.005	300
1499	1	1507	0.05	0.005	300
1500	1	1508	0.05	0.005	300
1501	1	1509	0.05	0.005	300
1502	1	1510	0.05	0.005	300
1503	1	1511	0.05	0.005	300
1504	1	1512	0.05	0.005	300
1505	1	1513	0.05	0.005	300
1506	1	1514	0.05	0.005	300
1507	1	1515	0.05	0.005	300
1508	1	1516	0.05	0.005	300
1509	1	1517	0.05	0.005	300
1510	1	1518	0.05	0.005	300
1511	1	1519	0.05	0.005	300
1512	1	1520	0.05	0.005	300
1513	1	1521	0.05	0.005	300
1514	1	1522	0.05	0.005	300
1515	1	1523	0.05	0.005	300
1516	1	1524	0.05	0.005	300
1517	1	1525	0.05	0.005	300
1518	1	1526	0.05	0.005	300
1519	1	1527	0.05	0.005	300
1520	1	1528	0.05	0.005	300
1521	1	1529	0.05	0.005	300
1522	1	1530	0.05	0.005	300
1523	1	1531	0.05	0.005	300
1524	1	1532	0.05	0.005	300
1525	1	1533	0.05	0.005	300
1526	1	1534	0.05	0.005	300
1527	1	1535	0.05	0.005	300
1528	1	1536	0.05	0.005	300
1529	1	1537	0.05	0.005	300
1530	1	1538	0.05	0.005	300
1531	1	1539	0.05	0.005	300
1532	1	1540	0.05	0.005	300
1533	1	1541	0.05	0.005	300
1534	1	1542	0.05	0.005	300
1535	1	1543	0.05	0.005	300
1536	1	1544	0.05	0.005	300
1537	1	1545	0.05	0.005	300
1538	1	1546	0.05	0.005	300
1539	1	1547	0.05	0.005	300
1540	1	1548	0.05	0.005	300
1541	1	1549	0.05	0.005	300
1542	1	1550	0.05	0.005	300
1543	1	1551	0.05	0.005	300
1544	1	1552	0.05	0.005	300
1545	1	1553	0.05	0.005	300
1546	1	1554	0.05	0.005	300
1547	1	1555	0.05	0.005	300
1548	1	1556	0.05	0.005	300
1549	1	1557	0.05	0.005	300
1550	1	1558	0.05	0.005	300
1551	1	1559	0.05	0.005	300
1552	1	1560	0.05	0.005	300
1553	1	1561	0.05	0.005	300
1554	1	1562	0.05	0.005	300
1555	1	1563	0.05	0.005	300
1556	1	1564	0.05	0.005	300
1557	1	1565	0.05	0.005	300
1558	1	1566	0.05	0.005	300
1559	1	1567	0.05	0.005	300
1560	1	1568	0.05	0.005	300
1561	1	1569	0.05	0.005	300
1562	1	1570	0.05	0.005	300
1563	1	1571	0.05	0.005	300
1564	1	1572	0.05	0.005	300
1565	1	1573	0.05	0.005	300
1566	1	1574	0.05	0.005	300
1567	1	1575	0.05	0.005	300
1568	1	1576	0.05	0.005	300
1569	1	1577	0.05	0.005	300
1570	1	1578	0.05	0.005	300
1571	1	1579	0.05	0.005	300
1572	1	1580	0.05	0.005	300
1573	1	1581	0.05	0.005	300
1574	1	1582	0.05	0.005	300
1575	1	1583	0.05	0.005	300
1576	1	1584	0.05	0.005	300
1577	1	1585	0.05	0.005	300
1578	1	1586	0.05	0.005	300
1579	1	1587	0.05	0.005	300
1580	1	1588	0.05	0.005	300
1581	1	1589	0.05	0.005	300
1582	1	1590	0.05	0.005	300
1583	1	1591	0.05	0.005	300
1584	1	1592	0.05	0.005	300
1585	1	1593	0.05	0.005	300
1586	1	1594	0.05	0.005	300
1587	1	1595	0.05	0.005	300
1588	1	1596	0.05	0.005	300
1589	1	1597	0.05	0.005	300
1590	1	1598	0.05	0.005	300
1591	1	1599	0.05	0.005	300
1592	1	1600	0.05	0.005	300
1593	1	1601	0.05	0.005	300
1594	1	1602	0.05	0.005	300
1595	1	1603	0.05	0.005	300
1596	1	1604	0.05	0.005	300
1597	1	1605	0.05	0.005	300
1598	1	1606	0.05	0.005	300
1599	1	1607	0.05	0.005	300
1600	1	1608	0.05	0.005	300
1601	1	1609	0.05	0.005	300
1602	1	1610	0.05	0.005	300
1603	1	1611	0.05	0.005	300
1604	1	1612	0.05	0.005	300
1605	1	1613	0.05	0.005	300
1606	1	1614	0.05	0.005	300
1607	1	1615	0.05	0.005	300
1608	1	1616	0.05	0.005	300
1609	1	1617	0.05	0.005	300
1610	1	1618	0.05	0.005	300
1611	1	1619	0.05	0.005	300
1612	1	1620	0.05	0.005	300
1613	1	1621	0.05	0.005	300
1614	1	1622	0.05	0.005	300
1615	1	1623	0.05	0.005	300
1616	1	1624	0.05	0.005	300
1617	1	1625	0.05	0.005	300
1618	1	1626	0.05	0.005	300
1619	1	1627	0.05	0.005	300
1620	1	1628	0.05	0.005	300
1621	1	1629	0.05	0.005	300
1622	1	1630	0.05	0.005	300
1623	1	1631	0.05	0.005	300
1624	1	1632	0.05	0.005	300
1625	1	1633	0.05	0.005	300
1626	1	1634	0.05	0.005	300
1627	1	1635	0.05	0.005	300
1628	1	1636	0.05	0.005	300
1629	1	1637	0.05	0.005	300
1630	1	1638	0.05	0.005	300
1631	1	1639	0.05	0.005	300
1632	1	1640	0.05	0.005	300
1633	1	1641	0.05	0.005	300
1634	1	1642	0.05	0.005	300
1635	1	1643	0.05	0.005	300
1636	1	1644	0.05	0.005	300
1637	1	1645	0.05	0.005	300
1638	1	1646	0.05	0.005	300
1639	1	1647	0.05	0.005	300
1640	1	1648	0.05	0.005	300
1641	1	1649	0.05	0.005	300
1642	1	1650	0.05	0.005	300
1643	1	1651	0.05	0.005	300
1644	1	1652	0.05	0.005	300
1645	1	1653	0.05	0.005	300
1646	1	1654	0.05	0.005	300
1647	1	1655	0.05	0.005	300
1648	1	1656	0.05	0.005	300
1649	1	1657	0.05	0.005	300
1650	1	1658	0.05	0.005	300
1651	1	1659	0.05	0.005	300
1652	1	1660	0.05	0.005	300
1653	1	1661	0.05	0.005	300
1654	1	1662	0.05	0.005	300
1655	1	1663	0.05	0.005	300
1656	1	1664	0.05	0.005	300
1657	1	1665	0.05	0.005	300
1658	1	1666	0.05	0.005	300
1659	1	1667	0.05	0.005	300
1660	1	1668	0.05	0.005	300
1661	1	1669	0.05	0.005	300
1662	1	1670	0.05	0.005	300
1663	1	1671	0.05	0.005	300
1664	1	1672	0.05	0.005	300
1665	1	1673	0.05	0.005	300
1666	1	1674	0.05	0.005	300
1667	1	1675	0.05	0.005	300
1668	1	1676	0.05	0.005	300
1669	1	1677	0.05	0.005	300
1670	1	1678	0.05	0.005	300
1671	1	1679	0.05	0.005	300
1672	1	1680	0.05	0.005	300
1673	1	1681	0.05	0.005	300
1674	1	1682	0.05	0.005	300
1675	1	1683	0.05	0.005	300
1676	1	1684	0.05	0.005	300
1677	1	1685	0.05	0.005	300
1678	1	1686	0.05	0.005	300
1679	1	1687	0.05	0.005	300
1680	1	1688	0.05	0.005	300
1681	1	1689	0.05	0.005	300
1682	1	1691	0.05	0.005	300
1683	1	1692	0.05	0.005	300
1684	1	1693	0.05	0.005	300
1685	1	1694	0.05	0.005	300
1686	1	1695	0.05	0.005	300
1687	1	1696	0.05	0.005	300
1688	1	1697	0.05	0.005	300
1689	1	1698	0.05	0.005	300
1690	1	1699	0.05	0.005	300
1691	1	1700	0.05	0.005	300
1692	1	1701	0.05	0.005	300
1693	1	1703	0.05	0.005	300
1694	1	1704	0.05	0.005	300
1695	1	1705	0.05	0.005	300
1696	1	1706	0.05	0.005	300
1697	1	1707	0.05	0.005	300
1698	1	1708	0.05	0.005	300
1699	1	1709	0.05	0.005	300
1700	1	1710	0.05	0.005	300
1701	1	1711	0.05	0.005	300
1702	1	1712	0.05	0.005	300
1703	1	1713	0.05	0.005	300
1704	1	1714	0.05	0.005	300
1705	1	1715	0.05	0.005	300
1706	1	1716	0.05	0.005	300
1707	1	1717	0.05	0.005	300
1708	1	1718	0.05	0.005	300
1709	1	1719	0.05	0.005	300
1710	1	1720	0.05	0.005	300
1711	1	1721	0.05	0.005	300
1712	1	1722	0.05	0.005	300
1713	1	1723	0.05	0.005	300
1714	1	1724	0.05	0.005	300
1715	1	1725	0.05	0.005	300
1716	1	1726	0.05	0.005	300
1717	1	1727	0.05	0.005	300
1718	1	1728	0.05	0.005	300
1719	1	1729	0.05	0.005	300
1720	1	1730	0.05	0.005	300
1721	1	1731	0.05	0.005	300
1722	1	1732	0.05	0.005	300
1723	1	1733	0.05	0.005	300
1724	1	1734	0.05	0.005	300
1725	1	1735	0.05	0.005	300
1726	1	1736	0.05	0.005	300
1727	1	1737	0.05	0.005	300
1728	1	1738	0.05	0.005	300
1729	1	1739	0.05	0.005	300
1730	1	1740	0.05	0.005	300
1731	1	1741	0.05	0.005	300
1732	1	1742	0.05	0.005	300
1733	1	1743	0.05	0.005	300
1734	1	1744	0.05	0.005	300
1735	1	1745	0.05	0.005	300
1736	1	1746	0.05	0.005	300
1737	1	1747	0.05	0.005	300
1738	1	1748	0.05	0.005	300
1739	1	1749	0.05	0.005	300
1740	1	1750	0.05	0.005	300
1741	1	1751	0.05	0.005	300
1742	1	1752	0.05	0.005	300
1743	1	1753	0.05	0.005	300
1744	1	1754	0.05	0.005	300
1745	1	1755	0.05	0.005	300
1746	1	1756	0.05	0.005	300
1747	1	1757	0.05	0.005	300
1748	1	1758	0.05	0.005	300
1749	1	1759	0.05	0.005	300
1750	1	1760	0.05	0.005	300
1751	1	1761	0.05	0.005	300
1752	1	1762	0.05	0.005	300
1753	1	1763	0.05	0.005	300
1754	1	1764	0.05	0.005	300
1755	1	1765	0.05	0.005	300
1756	1	1766	0.05	0.005	300
1757	1	1767	0.05	0.005	300
1758	1	1768	0.05	0.005	300
1759	1	1769	0.05	0.005	300
1760	1	1770	0.05	0.005	300
1761	1	1771	0.05	0.005	300
1762	1	1772	0.05	0.005	300
1763	1	1773	0.05	0.005	300
1764	1	1774	0.05	0.005	300
1765	1	1775	0.05	0.005	300
1766	1	1776	0.05	0.005	300
1767	1	1777	0.05	0.005	300
1768	1	1778	0.05	0.005	300
1769	1	1779	0.05	0.005	300
1770	1	1780	0.05	0.005	300
1771	1	1781	0.05	0.005	300
1772	1	1782	0.05	0.005	300
1773	1	1784	0.05	0.005	300
1774	1	1785	0.05	0.005	300
1775	1	1786	0.05	0.005	300
1776	1	1787	0.05	0.005	300
1777	1	1788	0.05	0.005	300
1778	1	1789	0.05	0.005	300
1779	1	1790	0.05	0.005	300
1780	1	1791	0.05	0.005	300
1781	1	1792	0.05	0.005	300
1782	1	1793	0.05	0.005	300
1783	1	1794	0.05	0.005	300
1784	1	1795	0.05	0.005	300
1785	1	1796	0.05	0.005	300
1786	1	1797	0.05	0.005	300
1787	1	1798	0.05	0.005	300
1788	1	1799	0.05	0.005	300
1789	1	1800	0.05	0.005	300
1790	1	1801	0.05	0.005	300
1791	1	1802	0.05	0.005	300
1792	1	1803	0.05	0.005	300
1793	1	1804	0.05	0.005	300
1794	1	1805	0.05	0.005	300
1795	1	1806	0.05	0.005	300
1796	1	1807	0.05	0.005	300
1797	1	1808	0.05	0.005	300
1798	1	1809	0.05	0.005	300
1799	1	1810	0.05	0.005	300
1800	1	1811	0.05	0.005	300
1801	1	1812	0.05	0.005	300
1802	1	1813	0.05	0.005	300
1803	1	1814	0.05	0.005	300
1804	1	1815	0.05	0.005	300
1805	1	1816	0.05	0.005	300
1806	1	1817	0.05	0.005	300
1807	1	1818	0.05	0.005	300
1808	1	1819	0.05	0.005	300
1809	1	1820	0.05	0.005	300
1810	1	1821	0.05	0.005	300
1811	1	1822	0.05	0.005	300
1812	1	1823	0.05	0.005	300
1813	1	1824	0.05	0.005	300
1814	1	1825	0.05	0.005	300
1815	1	1826	0.05	0.005	300
1816	1	1827	0.05	0.005	300
1817	1	1828	0.05	0.005	300
1818	1	1829	0.05	0.005	300
1819	1	1830	0.05	0.005	300
1820	1	1831	0.05	0.005	300
1821	1	1832	0.05	0.005	300
1822	1	1833	0.05	0.005	300
1823	1	1834	0.05	0.005	300
1824	1	1835	0.05	0.005	300
1825	1	1836	0.05	0.005	300
1826	1	1837	0.05	0.005	300
1827	1	1838	0.05	0.005	300
1828	1	1839	0.05	0.005	300
1829	1	1840	0.05	0.005	300
1830	1	1841	0.05	0.005	300
1831	1	1842	0.05	0.005	300
1832	1	1843	0.05	0.005	300
1833	1	1844	0.05	0.005	300
1834	1	1845	0.05	0.005	300
1835	1	1846	0.05	0.005	300
1836	1	1847	0.05	0.005	300
1837	1	1848	0.05	0.005	300
1838	1	1849	0.05	0.005	300
1839	1	1850	0.05	0.005	300
1840	1	1851	0.05	0.005	300
1841	1	1852	0.05	0.005	300
1842	1	1853	0.05	0.005	300
1843	1	1854	0.05	0.005	300
1844	1	1855	0.05	0.005	300
1845	1	1856	0.05	0.005	300
1846	1	1857	0.05	0.005	300
1847	1	1858	0.05	0.005	300
1848	1	1859	0.05	0.005	300
1849	1	1860	0.05	0.005	300
1850	1	1861	0.05	0.005	300
1851	1	1862	0.05	0.005	300
1852	1	1863	0.05	0.005	300
1853	1	1864	0.05	0.005	300
1854	1	1865	0.05	0.005	300
1855	1	1866	0.05	0.005	300
1856	1	1867	0.05	0.005	300
1857	1	1868	0.05	0.005	300
1858	1	1869	0.05	0.005	300
1859	1	1870	0.05	0.005	300
1860	1	1871	0.05	0.005	300
1861	1	1872	0.05	0.005	300
1862	1	1873	0.05	0.005	300
1863	1	1874	0.05	0.005	300
1864	1	1875	0.05	0.005	300
1865	1	1876	0.05	0.005	300
1866	1	1877	0.05	0.005	300
1867	1	1878	0.05	0.005	300
1868	1	1879	0.05	0.005	300
1869	1	1880	0.05	0.005	300
1870	1	1881	0.05	0.005	300
1871	1	1882	0.05	0.005	300
1872	1	1883	0.05	0.005	300
1873	1	1884	0.05	0.005	300
1874	1	1885	0.05	0.005	300
1875	1	1886	0.05	0.005	300
1876	1	1887	0.05	0.005	300
1877	1	1888	0.05	0.005	300
1878	1	1889	0.05	0.005	300
1879	1	1890	0.05	0.005	300
1880	1	1891	0.05	0.005	300
1881	1	1892	0.05	0.005	300
1882	1	1893	0.05	0.005	300
1883	1	1894	0.05	0.005	300
1884	1	1895	0.05	0.005	300
1885	1	1896	0.05	0.005	300
1886	1	1897	0.05	0.005	300
1887	1	1898	0.05	0.005	300
1888	1	1899	0.05	0.005	300
1889	1	1900	0.05	0.005	300
1890	1	1901	0.05	0.005	300
1891	1	1902	0.05	0.005	300
1892	1	1903	0.05	0.005	300
1893	1	1904	0.05	0.005	300
1894	1	1905	0.05	0.005	300
1895	1	1906	0.05	0.005	300
1896	1	1907	0.05	0.005	300
1897	1	1908	0.05	0.005	300
1898	1	1909	0.05	0.005	300
1899	1	1910	0.05	0.005	300
1900	1	1911	0.05	0.005	300
1901	1	1912	0.05	0.005	300
1902	1	1913	0.05	0.005	300
1903	1	1914	0.05	0.005	300
1904	1	1915	0.05	0.005	300
1905	1	1916	0.05	0.005	300
1906	1	1917	0.05	0.005	300
1907	1	1918	0.05	0.005	300
1908	1	1919	0.05	0.005	300
1909	1	1920	0.05	0.005	300
1910	1	1921	0.05	0.005	300
1911	1	1922	0.05	0.005	300
1912	1	1923	0.05	0.005	300
1913	1	1924	0.05	0.005	300
1914	1	1925	0.05	0.005	300
1915	1	1926	0.05	0.005	300
1916	1	1927	0.05	0.005	300
1917	1	1928	0.05	0.005	300
1918	1	1929	0.05	0.005	300
1919	1	1930	0.05	0.005	300
1920	1	1931	0.05	0.005	300
1921	1	1932	0.05	0.005	300
1922	1	1933	0.05	0.005	300
1923	1	1934	0.05	0.005	300
1924	1	1935	0.05	0.005	300
1925	1	1936	0.05	0.005	300
1926	1	1937	0.05	0.005	300
1927	1	1938	0.05	0.005	300
1928	1	1939	0.05	0.005	300
1929	1	1940	0.05	0.005	300
1930	1	1941	0.05	0.005	300
1931	1	1942	0.05	0.005	300
1932	1	1943	0.05	0.005	300
1933	1	1944	0.05	0.005	300
1934	1	1945	0.05	0.005	300
1935	1	1946	0.05	0.005	300
1936	1	1947	0.05	0.005	300
1937	1	1948	0.05	0.005	300
1938	1	1949	0.05	0.005	300
1939	1	1950	0.05	0.005	300
1940	1	1951	0.05	0.005	300
1941	1	1952	0.05	0.005	300
1942	1	1953	0.05	0.005	300
1943	1	1954	0.05	0.005	300
1944	1	1955	0.05	0.005	300
1945	1	1956	0.05	0.005	300
1946	1	1957	0.05	0.005	300
1947	1	1958	0.05	0.005	300
1948	1	1959	0.05	0.005	300
1949	1	1960	0.05	0.005	300
1950	1	1961	0.05	0.005	300
1951	1	1962	0.05	0.005	300
1952	1	1963	0.05	0.005	300
1953	1	1964	0.05	0.005	300
1954	1	1965	0.05	0.005	300
1955	1	1966	0.05	0.005	300
1956	1	1967	0.05	0.005	300
1957	1	1968	0.05	0.005	300
1958	1	1969	0.05	0.005	300
1959	1	1970	0.05	0.005	300
1960	1	1971	0.05	0.005	300
1961	1	1972	0.05	0.005	300
1962	1	1973	0.05	0.005	300
1963	1	1974	0.05	0.005	300
1964	1	1975	0.05	0.005	300
1965	1	1976	0.05	0.005	300
1966	1	1977	0.05	0.005	300
1967	1	1978	0.05	0.005	300
1968	1	1979	0.05	0.005	300
1969	1	1980	0.05	0.005	300
1970	1	1981	0.05	0.005	300
1971	1	1982	0.05	0.005	300
1972	1	1983	0.05	0.005	300
1973	1	1984	0.05	0.005	300
1974	1	1985	0.05	0.005	300
1975	1	1986	0.05	0.005	300
1976	1	1987	0.05	0.005	300
1977	1	1988	0.05	0.005	300
1978	1	1989	0.05	0.005	300
1979	1	1990	0.05	0.005	300
1980	1	1991	0.05	0.005	300
1981	1	1992	0.05	0.005	300
1982	1	1993	0.05	0.005	300
1983	1	1994	0.05	0.005	300
1984	1	1995	0.05	0.005	300
1985	1	1996	0.05	0.005	300
1986	1	1997	0.05	0.005	300
1987	1	1998	0.05	0.005	300
1988	1	1999	0.05	0.005	300
1989	1	2000	0.05	0.005	300
1990	1	2001	0.05	0.005	300
1991	1	2002	0.05	0.005	300
1992	1	2003	0.05	0.005	300
1993	1	2004	0.05	0.005	300
1994	1	2005	0.05	0.005	300
1995	1	2006	0.05	0.005	300
1996	1	2007	0.05	0.005	300
1997	1	2008	0.05	0.005	300
1998	1	2009	0.05	0.005	300
1999	1	2010	0.05	0.005	300
2000	1	2011	0.05	0.005	300
2001	1	2012	0.05	0.005	300
2002	1	2013	0.05	0.005	300
2003	1	2014	0.05	0.005	300
2004	1	2015	0.05	0.005	300
2005	1	2016	0.05	0.005	300
2006	1	2017	0.05	0.005	300
2007	1	2018	0.05	0.005	300
2008	1	2019	0.05	0.005	300
2009	1	2020	0.05	0.005	300
2010	1	2021	0.05	0.005	300
2011	1	2022	0.05	0.005	300
2012	1	2023	0.05	0.005	300
2013	1	2024	0.05	0.005	300
2014	1	2025	0.05	0.005	300
2015	1	2026	0.05	0.005	300
2016	1	2027	0.05	0.005	300
2017	1	2028	0.05	0.005	300
2018	1	2029	0.05	0.005	300
2019	1	2030	0.05	0.005	300
2020	1	2031	0.05	0.005	300
2021	1	2032	0.05	0.005	300
2022	1	2033	0.05	0.005	300
2023	1	2034	0.05	0.005	300
2024	1	2035	0.05	0.005	300
2025	1	2036	0.05	0.005	300
2026	1	2037	0.05	0.005	300
2027	1	2038	0.05	0.005	300
2028	1	2039	0.05	0.005	300
2029	1	2040	0.05	0.005	300
2030	1	2041	0.05	0.005	300
2031	1	2042	0.05	0.005	300
2032	1	2043	0.05	0.005	300
2033	1	2044	0.05	0.005	300
2034	1	2045	0.05	0.005	300
2035	1	2046	0.05	0.005	300
2036	1	2047	0.05	0.005	300
2037	1	2048	0.05	0.005	300
2038	1	2049	0.05	0.005	300
2039	1	2050	0.05	0.005	300
2040	1	2051	0.05	0.005	300
2041	1	2052	0.05	0.005	300
2042	1	2053	0.05	0.005	300
2043	1	2054	0.05	0.005	300
2044	1	2055	0.05	0.005	300
2045	1	2056	0.05	0.005	300
2046	1	2057	0.05	0.005	300
2047	1	2058	0.05	0.005	300
2048	1	2059	0.05	0.005	300
2049	1	2060	0.05	0.005	300
2050	1	2061	0.05	0.005	300
2051	1	2062	0.05	0.005	300
2052	1	2063	0.05	0.005	300
2053	1	2064	0.05	0.005	300
2054	1	2065	0.05	0.005	300
2055	1	2066	0.05	0.005	300
2056	1	2067	0.05	0.005	300
2057	1	2068	0.05	0.005	300
2058	1	2069	0.05	0.005	300
2059	1	2070	0.05	0.005	300
2060	1	2071	0.05	0.005	300
2061	1	2072	0.05	0.005	300
2062	1	2073	0.05	0.005	300
2063	1	2074	0.05	0.005	300
2064	1	2075	0.05	0.005	300
2065	1	2076	0.05	0.005	300
2066	1	2077	0.05	0.005	300
2067	1	2078	0.05	0.005	300
2068	1	2079	0.05	0.005	300
2069	1	2080	0.05	0.005	300
2070	1	2081	0.05	0.005	300
2071	1	2082	0.05	0.005	300
2072	1	2083	0.05	0.005	300
2073	1	2084	0.05	0.005	300
2074	1	2085	0.05	0.005	300
2075	1	2086	0.05	0.005	300
2076	1	2087	0.05	0.005	300
2077	1	2088	0.05	0.005	300
2078	1	2089	0.05	0.005	300
2079	1	2090	0.05	0.005	300
2080	1	2091	0.05	0.005	300
2081	1	2092	0.05	0.005	300
2082	1	2093	0.05	0.005	300
2083	1	2094	0.05	0.005	300
2084	1	2095	0.05	0.005	300
2085	1	2096	0.05	0.005	300
2086	1	2097	0.05	0.005	300
2087	1	2098	0.05	0.005	300
2088	1	2099	0.05	0.005	300
2089	1	2100	0.05	0.005	300
2090	1	2101	0.05	0.005	300
2091	1	2102	0.05	0.005	300
2092	1	2103	0.05	0.005	300
2093	1	2104	0.05	0.005	300
2094	1	2105	0.05	0.005	300
2095	1	2106	0.05	0.005	300
2096	1	2107	0.05	0.005	300
2097	1	2108	0.05	0.005	300
2098	1	2109	0.05	0.005	300
2099	1	2110	0.05	0.005	300
2100	1	2111	0.05	0.005	300
2101	1	2112	0.05	0.005	300
2102	1	2113	0.05	0.005	300
2103	1	2114	0.05	0.005	300
2104	1	2115	0.05	0.005	300
2105	1	2116	0.05	0.005	300
2106	1	2117	0.05	0.005	300
2107	1	2118	0.05	0.005	300
2108	1	2119	0.05	0.005	300
2109	1	2120	0.05	0.005	300
2110	1	2121	0.05	0.005	300
2111	1	2122	0.05	0.005	300
2112	1	2123	0.05	0.005	300
2113	1	2124	0.05	0.005	300
2114	1	2125	0.05	0.005	300
2115	1	2126	0.05	0.005	300
2116	1	2127	0.05	0.005	300
2117	1	2128	0.05	0.005	300
2118	1	2129	0.05	0.005	300
2119	1	2130	0.05	0.005	300
2120	1	2131	0.05	0.005	300
2121	1	2132	0.05	0.005	300
2122	1	2133	0.05	0.005	300
2123	1	2134	0.05	0.005	300
2124	1	2135	0.05	0.005	300
2125	1	2136	0.05	0.005	300
2126	1	2137	0.05	0.005	300
2127	1	2138	0.05	0.005	300
2128	1	2139	0.05	0.005	300
2129	1	2140	0.05	0.005	300
2130	1	2141	0.05	0.005	300
2131	1	2142	0.05	0.005	300
2132	1	2143	0.05	0.005	300
2133	1	2144	0.05	0.005	300
2134	1	2145	0.05	0.005	300
2135	1	2146	0.05	0.005	300
2136	1	2147	0.05	0.005	300
2137	1	2148	0.05	0.005	300
2138	1	2149	0.05	0.005	300
2139	1	2150	0.05	0.005	300
2140	1	2151	0.05	0.005	300
2141	1	2152	0.05	0.005	300
2142	1	2153	0.05	0.005	300
2143	1	2154	0.05	0.005	300
2144	1	2155	0.05	0.005	300
2145	1	2156	0.05	0.005	300
2146	1	2157	0.05	0.005	300
2147	1	2158	0.05	0.005	300
2148	1	2159	0.05	0.005	300
2149	1	2160	0.05	0.005	300
2150	1	2161	0.05	0.005	300
2151	1	2162	0.05	0.005	300
2152	1	2163	0.05	0.005	300
2153	1	2164	0.05	0.005	300
2154	1	2165	0.05	0.005	300
2155	1	2166	0.05	0.005	300
2156	1	2167	0.05	0.005	300
2157	1	2168	0.05	0.005	300
2158	1	2169	0.05	0.005	300
2159	1	2170	0.05	0.005	300
2160	1	2171	0.05	0.005	300
2161	1	2172	0.05	0.005	300
2162	1	2173	0.05	0.005	300
2163	1	2174	0.05	0.005	300
2164	1	2175	0.05	0.005	300
2165	1	2176	0.05	0.005	300
2166	1	2177	0.05	0.005	300
2167	1	2178	0.05	0.005	300
2168	1	2179	0.05	0.005	300
2169	1	2180	0.05	0.005	300
2170	1	2181	0.05	0.005	300
2171	1	2182	0.05	0.005	300
2172	1	2183	0.05	0.005	300
2173	1	2184	0.05	0.005	300
2174	1	2185	0.05	0.005	300
2175	1	2186	0.05	0.005	300
2176	1	2187	0.05	0.005	300
2177	1	2188	0.05	0.005	300
2178	1	2189	0.05	0.005	300
2179	1	2190	0.05	0.005	300
2180	1	2191	0.05	0.005	300
2181	1	2192	0.05	0.005	300
2182	1	2193	0.05	0.005	300
2183	1	2194	0.05	0.005	300
2184	1	2195	0.05	0.005	300
2185	1	2196	0.05	0.005	300
2186	1	2197	0.05	0.005	300
2187	1	2198	0.05	0.005	300
2188	1	2199	0.05	0.005	300
2189	1	2200	0.05	0.005	300
2190	1	2201	0.05	0.005	300
2191	1	2202	0.05	0.005	300
2192	1	2203	0.05	0.005	300
2193	1	2204	0.05	0.005	300
2194	1	2205	0.05	0.005	300
2195	1	2206	0.05	0.005	300
2196	1	2207	0.05	0.005	300
2197	1	2208	0.05	0.005	300
2198	1	2209	0.05	0.005	300
2199	1	2210	0.05	0.005	300
2200	1	2211	0.05	0.005	300
2201	1	2212	0.05	0.005	300
2202	1	2213	0.05	0.005	300
2203	1	2214	0.05	0.005	300
2204	1	2215	0.05	0.005	300
2205	1	2216	0.05	0.005	300
2206	1	2217	0.05	0.005	300
2207	1	2218	0.05	0.005	300
2208	1	2219	0.05	0.005	300
2209	1	2220	0.05	0.005	300
2210	1	2221	0.05	0.005	300
2211	1	2222	0.05	0.005	300
2212	1	2223	0.05	0.005	300
2213	1	2224	0.05	0.005	300
2214	1	2225	0.05	0.005	300
2215	1	2226	0.05	0.005	300
2216	1	2227	0.05	0.005	300
2217	1	2228	0.05	0.005	300
2218	1	2229	0.05	0.005	300
2219	1	2230	0.05	0.005	300
2220	1	2231	0.05	0.005	300
2221	1	2232	0.05	0.005	300
2222	1	2233	0.05	0.005	300
2223	1	2234	0.05	0.005	300
2224	1	2235	0.05	0.005	300
2225	1	2236	0.05	0.005	300
2226	1	2237	0.05	0.005	300
2227	1	2238	0.05	0.005	300
2228	1	2239	0.05	0.005	300
2229	1	2240	0.05	0.005	300
2230	1	2241	0.05	0.005	300
2231	1	2242	0.05	0.005	300
2232	1	2243	0.05	0.005	300
2233	1	2244	0.05	0.005	300
2234	1	2245	0.05	0.005	300
2235	1	2246	0.05	0.005	300
2236	1	2247	0.05	0.005	300
2237	1	2248	0.05	0.005	300
2238	1	2249	0.05	0.005	300
2239	1	2250	0.05	0.005	300
2240	1	2251	0.05	0.005	300
2241	1	2252	0.05	0.005	300
2242	1	2253	0.05	0.005	300
2243	1	2254	0.05	0.005	300
2244	1	2255	0.05	0.005	300
2245	1	2256	0.05	0.005	300
2246	1	2257	0.05	0.005	300
2247	1	2258	0.05	0.005	300
2248	1	2259	0.05	0.005	300
2249	1	2260	0.05	0.005	300
2250	1	2261	0.05	0.005	300
2251	1	2262	0.05	0.005	300
2252	1	2263	0.05	0.005	300
2253	1	2264	0.05	0.005	300
2254	1	2265	0.05	0.005	300
2255	1	2266	0.05	0.005	300
2256	1	2267	0.05	0.005	300
2257	1	2268	0.05	0.005	300
2258	1	2269	0.05	0.005	300
2259	1	2270	0.05	0.005	300
2260	1	2271	0.05	0.005	300
2261	1	2272	0.05	0.005	300
2262	1	2273	0.05	0.005	300
2263	1	2274	0.05	0.005	300
2264	1	2275	0.05	0.005	300
2265	1	2276	0.05	0.005	300
2266	1	2277	0.05	0.005	300
2267	1	2278	0.05	0.005	300
2268	1	2279	0.05	0.005	300
2269	1	2280	0.05	0.005	300
2270	1	2281	0.05	0.005	300
2271	1	2282	0.05	0.005	300
2272	1	2283	0.05	0.005	300
2273	1	2284	0.05	0.005	300
2274	1	2285	0.05	0.005	300
2275	1	2286	0.05	0.005	300
2276	1	2287	0.05	0.005	300
2277	1	2288	0.05	0.005	300
2278	1	2289	0.05	0.005	300
2279	1	2290	0.05	0.005	300
2280	1	2291	0.05	0.005	300
2281	1	2292	0.05	0.005	300
2282	1	2293	0.05	0.005	300
2283	1	2294	0.05	0.005	300
2284	1	2295	0.05	0.005	300
2285	1	2296	0.05	0.005	300
2286	1	2297	0.05	0.005	300
2287	1	2298	0.05	0.005	300
2288	1	2299	0.05	0.005	300
2289	1	2300	0.05	0.005	300
2290	1	2301	0.05	0.005	300
2291	1	2302	0.05	0.005	300
2292	1	2303	0.05	0.005	300
2293	1	2304	0.05	0.005	300
2294	1	2305	0.05	0.005	300
2295	1	2306	0.05	0.005	300
2296	1	2307	0.05	0.005	300
2297	1	2308	0.05	0.005	300
2298	1	2309	0.05	0.005	300
2299	1	2310	0.05	0.005	300
2300	1	2311	0.05	0.005	300
2301	1	2312	0.05	0.005	300
2302	1	2313	0.05	0.005	300
2303	1	2314	0.05	0.005	300
2304	1	2315	0.05	0.005	300
2305	1	2316	0.05	0.005	300
2306	1	2317	0.05	0.005	300
2307	1	2318	0.05	0.005	300
2308	1	2319	0.05	0.005	300
2309	1	2320	0.05	0.005	300
2310	1	2321	0.05	0.005	300
2311	1	2322	0.05	0.005	300
2312	1	2323	0.05	0.005	300
2313	1	2324	0.05	0.005	300
2314	1	2325	0.05	0.005	300
2315	1	2326	0.05	0.005	300
2316	1	2327	0.05	0.005	300
2317	1	2328	0.05	0.005	300
2318	1	2329	0.05	0.005	300
2319	1	2330	0.05	0.005	300
2320	1	2331	0.05	0.005	300
2321	1	2332	0.05	0.005	300
2322	1	2333	0.05	0.005	300
2323	1	2334	0.05	0.005	300
2324	1	2335	0.05	0.005	300
2325	1	2336	0.05	0.005	300
2326	1	2337	0.05	0.005	300
2327	1	2338	0.05	0.005	300
2328	1	2339	0.05	0.005	300
2329	1	2340	0.05	0.005	300
2330	1	2341	0.05	0.005	300
2331	1	2342	0.05	0.005	300
2332	1	2343	0.05	0.005	300
2333	1	2344	0.05	0.005	300
2334	1	2345	0.05	0.005	300
2335	1	2346	0.05	0.005	300
2336	1	2347	0.05	0.005	300
2337	1	2348	0.05	0.005	300
2338	1	2349	0.05	0.005	300
2339	1	2350	0.05	0.005	300
2340	1	2351	0.05	0.005	300
2341	1	2352	0.05	0.005	300
2342	1	2353	0.05	0.005	300
2343	1	2354	0.05	0.005	300
2344	1	2356	0.05	0.005	300
2345	1	2357	0.05	0.005	300
2346	1	2358	0.05	0.005	300
2347	1	2359	0.05	0.005	300
2348	1	2360	0.05	0.005	300
2349	1	2361	0.05	0.005	300
2350	1	2362	0.05	0.005	300
2351	1	2363	0.05	0.005	300
2352	1	2364	0.05	0.005	300
2353	1	2365	0.05	0.005	300
2354	1	2366	0.05	0.005	300
2355	1	2367	0.05	0.005	300
2356	1	2368	0.05	0.005	300
2357	1	2369	0.05	0.005	300
2358	1	2370	0.05	0.005	300
2359	1	2371	0.05	0.005	300
2360	1	2372	0.05	0.005	300
2361	1	2373	0.05	0.005	300
2362	1	2374	0.05	0.005	300
2363	1	2375	0.05	0.005	300
2364	1	2376	0.05	0.005	300
2365	1	2377	0.05	0.005	300
2366	1	2378	0.05	0.005	300
2367	1	2379	0.05	0.005	300
2368	1	2380	0.05	0.005	300
2369	1	2381	0.05	0.005	300
2370	1	2382	0.05	0.005	300
2371	1	2383	0.05	0.005	300
2372	1	2384	0.05	0.005	300
2373	1	2385	0.05	0.005	300
2374	1	2386	0.05	0.005	300
2375	1	2387	0.05	0.005	300
2376	1	2388	0.05	0.005	300
2377	1	2389	0.05	0.005	300
2378	1	2390	0.05	0.005	300
2379	1	2391	0.05	0.005	300
2380	1	2392	0.05	0.005	300
2381	1	2393	0.05	0.005	300
2382	1	2394	0.05	0.005	300
2383	1	2395	0.05	0.005	300
2384	1	2396	0.05	0.005	300
2385	1	2397	0.05	0.005	300
2386	1	2398	0.05	0.005	300
2387	1	2399	0.05	0.005	300
2388	1	2400	0.05	0.005	300
2389	1	2401	0.05	0.005	300
2390	1	2402	0.05	0.005	300
2391	1	2403	0.05	0.005	300
2392	1	2404	0.05	0.005	300
2393	1	2405	0.05	0.005	300
2394	1	2406	0.05	0.005	300
2395	1	2407	0.05	0.005	300
2396	1	2408	0.05	0.005	300
2397	1	2409	0.05	0.005	300
2398	1	2410	0.05	0.005	300
2399	1	2411	0.05	0.005	300
2400	1	2412	0.05	0.005	300
2401	1	2413	0.05	0.005	300
2402	1	2414	0.05	0.005	300
2403	1	2415	0.05	0.005	300
2404	1	2416	0.05	0.005	300
2405	1	2417	0.05	0.005	300
2406	1	2418	0.05	0.005	300
2407	1	2419	0.05	0.005	300
2408	1	2420	0.05	0.005	300
2409	1	2421	0.05	0.005	300
2410	1	2422	0.05	0.005	300
2411	1	2423	0.05	0.005	300
2412	1	2424	0.05	0.005	300
2413	1	2425	0.05	0.005	300
2414	1	2426	0.05	0.005	300
2415	1	2427	0.05	0.005	300
2416	1	2428	0.05	0.005	300
2417	1	2429	0.05	0.005	300
2418	1	2430	0.05	0.005	300
2419	1	2431	0.05	0.005	300
2420	1	2432	0.05	0.005	300
2421	1	2433	0.05	0.005	300
2422	1	2434	0.05	0.005	300
2423	1	2435	0.05	0.005	300
2424	1	2436	0.05	0.005	300
2425	1	2437	0.05	0.005	300
2426	1	2438	0.05	0.005	300
2427	1	2439	0.05	0.005	300
2428	1	2440	0.05	0.005	300
2429	1	2441	0.05	0.005	300
2430	1	2442	0.05	0.005	300
2431	1	2443	0.05	0.005	300
2432	1	2444	0.05	0.005	300
2433	1	2445	0.05	0.005	300
2434	1	2446	0.05	0.005	300
2435	1	2447	0.05	0.005	300
2436	1	2448	0.05	0.005	300
2437	1	2449	0.05	0.005	300
2438	1	2450	0.05	0.005	300
2439	1	2452	0.05	0.005	300
2440	1	2453	0.05	0.005	300
2441	1	2454	0.05	0.005	300
2442	1	2455	0.05	0.005	300
2443	1	2456	0.05	0.005	300
2444	1	2457	0.05	0.005	300
2445	1	2458	0.05	0.005	300
2446	1	2459	0.05	0.005	300
2447	1	2460	0.05	0.005	300
2448	1	2461	0.05	0.005	300
2449	1	2462	0.05	0.005	300
2450	1	2463	0.05	0.005	300
2451	1	2464	0.05	0.005	300
2452	1	2465	0.05	0.005	300
2453	1	2466	0.05	0.005	300
2454	1	2467	0.05	0.005	300
2455	1	2468	0.05	0.005	300
2456	1	2469	0.05	0.005	300
2457	1	2470	0.05	0.005	300
2458	1	2471	0.05	0.005	300
2459	1	2472	0.05	0.005	300
2460	1	2473	0.05	0.005	300
2461	1	2474	0.05	0.005	300
2462	1	2475	0.05	0.005	300
2463	1	2476	0.05	0.005	300
2464	1	2477	0.05	0.005	300
2465	1	2478	0.05	0.005	300
2466	1	2479	0.05	0.005	300
2467	1	2480	0.05	0.005	300
2468	1	2481	0.05	0.005	300
2469	1	2482	0.05	0.005	300
2470	1	2483	0.05	0.005	300
2471	1	2484	0.05	0.005	300
2472	1	2485	0.05	0.005	300
2473	1	2486	0.05	0.005	300
2474	1	2487	0.05	0.005	300
2475	1	2488	0.05	0.005	300
2476	1	2489	0.05	0.005	300
2477	1	2490	0.05	0.005	300
2478	1	2491	0.05	0.005	300
2479	1	2492	0.05	0.005	300
2480	1	2493	0.05	0.005	300
2481	1	2494	0.05	0.005	300
2482	1	2495	0.05	0.005	300
2483	1	2496	0.05	0.005	300
2484	1	2497	0.05	0.005	300
2485	1	2498	0.05	0.005	300
2486	1	2499	0.05	0.005	300
2487	1	2500	0.05	0.005	300
2488	1	2501	0.05	0.005	300
2489	1	2502	0.05	0.005	300
2490	1	2503	0.05	0.005	300
2491	1	2504	0.05	0.005	300
2492	1	2505	0.05	0.005	300
2493	1	2506	0.05	0.005	300
2494	1	2507	0.05	0.005	300
2495	1	2508	0.05	0.005	300
2496	1	2509	0.05	0.005	300
2497	1	2510	0.05	0.005	300
2498	1	2511	0.05	0.005	300
2499	1	2512	0.05	0.005	300
2500	1	2513	0.05	0.005	300
2501	1	2514	0.05	0.005	300
2502	1	2515	0.05	0.005	300
2503	1	2516	0.05	0.005	300
2504	1	2517	0.05	0.005	300
2505	1	2518	0.05	0.005	300
2506	1	2519	0.05	0.005	300
2507	1	2520	0.05	0.005	300
2508	1	2521	0.05	0.005	300
2509	1	2522	0.05	0.005	300
2510	1	2523	0.05	0.005	300
2511	1	2524	0.05	0.005	300
2512	1	2525	0.05	0.005	300
2513	1	2526	0.05	0.005	300
2514	1	2527	0.05	0.005	300
2515	1	2528	0.05	0.005	300
2516	1	2529	0.05	0.005	300
2517	1	2530	0.05	0.005	300
2518	1	2531	0.05	0.005	300
2519	1	2532	0.05	0.005	300
2520	1	2533	0.05	0.005	300
2521	1	2534	0.05	0.005	300
2522	1	2535	0.05	0.005	300
2523	1	2536	0.05	0.005	300
2524	1	2537	0.05	0.005	300
2525	1	2538	0.05	0.005	300
2526	1	2539	0.05	0.005	300
2527	1	2540	0.05	0.005	300
2528	1	2541	0.05	0.005	300
2529	1	2542	0.05	0.005	300
2530	1	2543	0.05	0.005	300
2531	1	2544	0.05	0.005	300
2532	1	2545	0.05	0.005	300
2533	1	2546	0.05	0.005	300
2534	1	2547	0.05	0.005	300
2535	1	2548	0.05	0.005	300
2536	1	2549	0.05	0.005	300
2537	1	2550	0.05	0.005	300
2538	1	2551	0.05	0.005	300
2539	1	2552	0.05	0.005	300
2540	1	2553	0.05	0.005	300
2541	1	2554	0.05	0.005	300
2542	1	2555	0.05	0.005	300
2543	1	2556	0.05	0.005	300
2544	1	2557	0.05	0.005	300
2545	1	2558	0.05	0.005	300
2546	1	2559	0.05	0.005	300
2547	1	2560	0.05	0.005	300
2548	1	2561	0.05	0.005	300
2549	1	2562	0.05	0.005	300
2550	1	2563	0.05	0.005	300
2551	1	2564	0.05	0.005	300
2552	1	2565	0.05	0.005	300
2553	1	2566	0.05	0.005	300
2554	1	2567	0.05	0.005	300
2555	1	2568	0.05	0.005	300
2556	1	2569	0.05	0.005	300
2557	1	2570	0.05	0.005	300
2558	1	2571	0.05	0.005	300
2559	1	2572	0.05	0.005	300
2560	1	2573	0.05	0.005	300
2561	1	2574	0.05	0.005	300
2562	1	2575	0.05	0.005	300
2563	1	2576	0.05	0.005	300
2564	1	2577	0.05	0.005	300
2565	1	2578	0.05	0.005	300
2566	1	2579	0.05	0.005	300
2567	1	2580	0.05	0.005	300
2568	1	2581	0.05	0.005	300
2569	1	2582	0.05	0.005	300
2570	1	2583	0.05	0.005	300
2571	1	2584	0.05	0.005	300
2572	1	2585	0.05	0.005	300
2573	1	2586	0.05	0.005	300
2574	1	2587	0.05	0.005	300
2575	1	2588	0.05	0.005	300
2576	1	2589	0.05	0.005	300
2577	1	2590	0.05	0.005	300
2578	1	2591	0.05	0.005	300
2579	1	2592	0.05	0.005	300
2580	1	2593	0.05	0.005	300
2581	1	2594	0.05	0.005	300
2582	1	2595	0.05	0.005	300
2583	1	2596	0.05	0.005	300
2584	1	2597	0.05	0.005	300
2585	1	2598	0.05	0.005	300
2586	1	2599	0.05	0.005	300
2587	1	2600	0.05	0.005	300
2588	1	2601	0.05	0.005	300
2589	1	2602	0.05	0.005	300
2590	1	2603	0.05	0.005	300
2591	1	2604	0.05	0.005	300
2592	1	2605	0.05	0.005	300
2593	1	2606	0.05	0.005	300
2594	1	2607	0.05	0.005	300
2595	1	2608	0.05	0.005	300
2596	1	2609	0.05	0.005	300
2597	1	2610	0.05	0.005	300
2598	1	2611	0.05	0.005	300
2599	1	2612	0.05	0.005	300
2600	1	2613	0.05	0.005	300
2601	1	2614	0.05	0.005	300
2602	1	2615	0.05	0.005	300
2603	1	2616	0.05	0.005	300
2604	1	2617	0.05	0.005	300
2605	1	2618	0.05	0.005	300
2606	1	2619	0.05	0.005	300
2607	1	2620	0.05	0.005	300
2608	1	2621	0.05	0.005	300
2609	1	2622	0.05	0.005	300
2610	1	2623	0.05	0.005	300
2611	1	2624	0.05	0.005	300
2612	1	2625	0.05	0.005	300
2613	1	2626	0.05	0.005	300
2614	1	2627	0.05	0.005	300
2615	1	2628	0.05	0.005	300
2616	1	2629	0.05	0.005	300
2617	1	2630	0.05	0.005	300
2618	1	2631	0.05	0.005	300
2619	1	2632	0.05	0.005	300
2620	1	2633	0.05	0.005	300
2621	1	2634	0.05	0.005	300
2622	1	2635	0.05	0.005	300
2623	1	2636	0.05	0.005	300
2624	1	2637	0.05	0.005	300
2625	1	2638	0.05	0.005	300
2626	1	2639	0.05	0.005	300
2627	1	2640	0.05	0.005	300
2628	1	2641	0.05	0.005	300
2629	1	2642	0.05	0.005	300
2630	1	2643	0.05	0.005	300
2631	1	2644	0.05	0.005	300
2632	1	2645	0.05	0.005	300
2633	1	2646	0.05	0.005	300
2634	1	2647	0.05	0.005	300
2635	1	2648	0.05	0.005	300
2636	1	2649	0.05	0.005	300
2637	1	2650	0.05	0.005	300
2638	1	2651	0.05	0.005	300
2639	1	2652	0.05	0.005	300
2640	1	2653	0.05	0.005	300
2641	1	2654	0.05	0.005	300
2642	1	2655	0.05	0.005	300
2643	1	2656	0.05	0.005	300
2644	1	2657	0.05	0.005	300
2645	1	2658	0.05	0.005	300
2646	1	2659	0.05	0.005	300
2647	1	2660	0.05	0.005	300
2648	1	2661	0.05	0.005	300
2649	1	2662	0.05	0.005	300
2650	1	2663	0.05	0.005	300
2651	1	2664	0.05	0.005	300
2652	1	2665	0.05	0.005	300
2653	1	2666	0.05	0.005	300
2654	1	2667	0.05	0.005	300
2655	1	2668	0.05	0.005	300
2656	1	2669	0.05	0.005	300
2657	1	2670	0.05	0.005	300
2658	1	2671	0.05	0.005	300
2659	1	2672	0.05	0.005	300
2660	1	2673	0.05	0.005	300
2661	1	2674	0.05	0.005	300
2662	1	2675	0.05	0.005	300
2663	1	2676	0.05	0.005	300
2664	1	2677	0.05	0.005	300
2665	1	2678	0.05	0.005	300
2666	1	2679	0.05	0.005	300
2667	1	2680	0.05	0.005	300
2668	1	2681	0.05	0.005	300
2669	1	2682	0.05	0.005	300
2670	1	2683	0.05	0.005	300
2671	1	2684	0.05	0.005	300
2672	1	2685	0.05	0.005	300
2673	1	2686	0.05	0.005	300
2674	1	2687	0.05	0.005	300
2675	1	2688	0.05	0.005	300
2676	1	2689	0.05	0.005	300
2677	1	2690	0.05	0.005	300
2678	1	2691	0.05	0.005	300
2679	1	2692	0.05	0.005	300
2680	1	2693	0.05	0.005	300
2681	1	2694	0.05	0.005	300
2682	1	2695	0.05	0.005	300
2683	1	2696	0.05	0.005	300
2684	1	2697	0.05	0.005	300
2685	1	2698	0.05	0.005	300
2686	1	2699	0.05	0.005	300
2687	1	2700	0.05	0.005	300
2688	1	2701	0.05	0.005	300
2689	1	2702	0.05	0.005	300
2690	1	2703	0.05	0.005	300
2691	1	2704	0.05	0.005	300
2692	1	2705	0.05	0.005	300
2693	1	2706	0.05	0.005	300
2694	1	2707	0.05	0.005	300
2695	1	2708	0.05	0.005	300
2696	1	2709	0.05	0.005	300
2697	1	2710	0.05	0.005	300
2698	1	2711	0.05	0.005	300
2699	1	2712	0.05	0.005	300
2700	1	2713	0.05	0.005	300
2701	1	2714	0.05	0.005	300
2702	1	2715	0.05	0.005	300
2703	1	2716	0.05	0.005	300
2704	1	2717	0.05	0.005	300
2705	1	2718	0.05	0.005	300
2706	1	2719	0.05	0.005	300
2707	1	2720	0.05	0.005	300
2708	1	2721	0.05	0.005	300
2709	1	2722	0.05	0.005	300
2710	1	2723	0.05	0.005	300
2711	1	2724	0.05	0.005	300
2712	1	2725	0.05	0.005	300
2713	1	2726	0.05	0.005	300
2714	1	2727	0.05	0.005	300
2715	1	2728	0.05	0.005	300
2716	1	2729	0.05	0.005	300
2717	1	2730	0.05	0.005	300
2718	1	2731	0.05	0.005	300
2719	1	2732	0.05	0.005	300
2720	1	2733	0.05	0.005	300
2721	1	2734	0.05	0.005	300
2722	1	2735	0.05	0.005	300
2723	1	2736	0.05	0.005	300
2724	1	2737	0.05	0.005	300
2725	1	2738	0.05	0.005	300
2726	1	2739	0.05	0.005	300
2727	1	2740	0.05	0.005	300
2728	1	2741	0.05	0.005	300
2729	1	2742	0.05	0.005	300
2730	1	2743	0.05	0.005	300
2731	1	2744	0.05	0.005	300
2732	1	2745	0.05	0.005	300
2733	1	2746	0.05	0.005	300
2734	1	2747	0.05	0.005	300
2735	1	2748	0.05	0.005	300
2736	1	2749	0.05	0.005	300
2737	1	2750	0.05	0.005	300
2738	1	2751	0.05	0.005	300
2739	1	2752	0.05	0.005	300
2740	1	2753	0.05	0.005	300
2741	1	2754	0.05	0.005	300
2742	1	2755	0.05	0.005	300
2743	1	2756	0.05	0.005	300
2744	1	2757	0.05	0.005	300
2745	1	2758	0.05	0.005	300
2746	1	2759	0.05	0.005	300
2747	1	2760	0.05	0.005	300
2748	1	2761	0.05	0.005	300
2749	1	2762	0.05	0.005	300
2750	1	2763	0.05	0.005	300
2751	1	2764	0.05	0.005	300
2752	1	2765	0.05	0.005	300
2753	1	2766	0.05	0.005	300
2754	1	2767	0.05	0.005	300
2755	1	2768	0.05	0.005	300
2756	1	2769	0.05	0.005	300
2757	1	2770	0.05	0.005	300
2758	1	2771	0.05	0.005	300
2759	1	2772	0.05	0.005	300
2760	1	2773	0.05	0.005	300
2761	1	2774	0.05	0.005	300
2762	1	2775	0.05	0.005	300
2763	1	2776	0.05	0.005	300
2764	1	2777	0.05	0.005	300
2765	1	2778	0.05	0.005	300
2766	1	2779	0.05	0.005	300
2767	1	2780	0.05	0.005	300
2768	1	2781	0.05	0.005	300
2769	1	2782	0.05	0.005	300
2770	1	2783	0.05	0.005	300
2771	1	2784	0.05	0.005	300
2772	1	2785	0.05	0.005	300
2773	1	2786	0.05	0.005	300
2774	1	2787	0.05	0.005	300
2775	1	2788	0.05	0.005	300
2776	1	2789	0.05	0.005	300
2777	1	2790	0.05	0.005	300
2778	1	2791	0.05	0.005	300
2779	1	2792	0.05	0.005	300
2780	1	2793	0.05	0.005	300
2781	1	2794	0.05	0.005	300
2782	1	2795	0.05	0.005	300
2783	1	2796	0.05	0.005	300
2784	1	2797	0.05	0.005	300
2785	1	2798	0.05	0.005	300
2786	1	2799	0.05	0.005	300
2787	1	2800	0.05	0.005	300
2788	1	2801	0.05	0.005	300
2789	1	2802	0.05	0.005	300
2790	1	2803	0.05	0.005	300
2791	1	2804	0.05	0.005	300
2792	1	2805	0.05	0.005	300
2793	1	2806	0.05	0.005	300
2794	1	2807	0.05	0.005	300
2795	1	2808	0.05	0.005	300
2796	1	2809	0.05	0.005	300
2797	1	2810	0.05	0.005	300
2798	1	2811	0.05	0.005	300
2799	1	2812	0.05	0.005	300
2800	1	2813	0.05	0.005	300
2801	1	2814	0.05	0.005	300
2802	1	2815	0.05	0.005	300
2803	1	2816	0.05	0.005	300
2804	1	2817	0.05	0.005	300
2805	1	2818	0.05	0.005	300
2806	1	2819	0.05	0.005	300
2807	1	2820	0.05	0.005	300
2808	1	2821	0.05	0.005	300
2809	1	2822	0.05	0.005	300
2810	1	2823	0.05	0.005	300
2811	1	2824	0.05	0.005	300
2812	1	2825	0.05	0.005	300
2813	1	2826	0.05	0.005	300
2814	1	2827	0.05	0.005	300
2815	1	2828	0.05	0.005	300
2816	1	2829	0.05	0.005	300
2817	1	2830	0.05	0.005	300
2818	1	2831	0.05	0.005	300
2819	1	2832	0.05	0.005	300
2820	1	2833	0.05	0.005	300
2821	1	2834	0.05	0.005	300
2822	1	2835	0.05	0.005	300
2823	1	2836	0.05	0.005	300
2824	1	2837	0.05	0.005	300
2825	1	2838	0.05	0.005	300
2826	1	2839	0.05	0.005	300
2827	1	2840	0.05	0.005	300
2828	1	2841	0.05	0.005	300
2829	1	2842	0.05	0.005	300
2830	1	2843	0.05	0.005	300
2831	1	2844	0.05	0.005	300
2832	1	2845	0.05	0.005	300
2833	1	2846	0.05	0.005	300
2834	1	2847	0.05	0.005	300
2835	1	2848	0.05	0.005	300
2836	1	2849	0.05	0.005	300
2837	1	2850	0.05	0.005	300
2838	1	2851	0.05	0.005	300
2839	1	2852	0.05	0.005	300
2840	1	2853	0.05	0.005	300
2841	1	2854	0.05	0.005	300
2842	1	2855	0.05	0.005	300
2843	1	2856	0.05	0.005	300
2844	1	2857	0.05	0.005	300
2845	1	2858	0.05	0.005	300
2846	1	2859	0.05	0.005	300
2847	1	2860	0.05	0.005	300
2848	1	2861	0.05	0.005	300
2849	1	2862	0.05	0.005	300
2850	1	2863	0.05	0.005	300
2851	1	2864	0.05	0.005	300
2852	1	2865	0.05	0.005	300
2853	1	2866	0.05	0.005	300
2854	1	2867	0.05	0.005	300
2855	1	2868	0.05	0.005	300
2856	1	2869	0.05	0.005	300
2857	1	2870	0.05	0.005	300
2858	1	2871	0.05	0.005	300
2859	1	2872	0.05	0.005	300
2860	1	2873	0.05	0.005	300
2861	1	2874	0.05	0.005	300
2862	1	2875	0.05	0.005	300
2863	1	2876	0.05	0.005	300
2864	1	2877	0.05	0.005	300
2865	1	2878	0.05	0.005	300
2866	1	2879	0.05	0.005	300
2867	1	2880	0.05	0.005	300
2868	1	2881	0.05	0.005	300
2869	1	2882	0.05	0.005	300
2870	1	2883	0.05	0.005	300
2871	1	2884	0.05	0.005	300
2872	1	2885	0.05	0.005	300
2873	1	2886	0.05	0.005	300
2874	1	2887	0.05	0.005	300
2875	1	2888	0.05	0.005	300
2876	1	2889	0.05	0.005	300
2877	1	2890	0.05	0.005	300
2878	1	2891	0.05	0.005	300
2879	1	2892	0.05	0.005	300
2880	1	2893	0.05	0.005	300
2881	1	2894	0.05	0.005	300
2882	1	2895	0.05	0.005	300
2883	1	2896	0.05	0.005	300
2884	1	2897	0.05	0.005	300
2885	1	2898	0.05	0.005	300
2886	1	2899	0.05	0.005	300
2887	1	2900	0.05	0.005	300
2888	1	2901	0.05	0.005	300
2889	1	2902	0.05	0.005	300
2890	1	2903	0.05	0.005	300
2891	1	2904	0.05	0.005	300
2892	1	2905	0.05	0.005	300
2893	1	2906	0.05	0.005	300
2894	1	2907	0.05	0.005	300
2895	1	2908	0.05	0.005	300
2896	1	2909	0.05	0.005	300
2897	1	2910	0.05	0.005	300
2898	1	2911	0.05	0.005	300
2899	1	2912	0.05	0.005	300
2900	1	2913	0.05	0.005	300
2901	1	2914	0.05	0.005	300
2902	1	2915	0.05	0.005	300
2903	1	2916	0.05	0.005	300
2904	1	2917	0.05	0.005	300
2905	1	2918	0.05	0.005	300
2906	1	2919	0.05	0.005	300
2907	1	2920	0.05	0.005	300
2908	1	2921	0.05	0.005	300
2909	1	2922	0.05	0.005	300
2910	1	2923	0.05	0.005	300
2911	1	2924	0.05	0.005	300
2912	1	2925	0.05	0.005	300
2913	1	2926	0.05	0.005	300
2914	1	2927	0.05	0.005	300
2915	1	2928	0.05	0.005	300
2916	1	2929	0.05	0.005	300
2917	1	2930	0.05	0.005	300
2918	1	2931	0.05	0.005	300
2919	1	2932	0.05	0.005	300
2920	1	2933	0.05	0.005	300
2921	1	2934	0.05	0.005	300
2922	1	2935	0.05	0.005	300
2923	1	2936	0.05	0.005	300
2924	1	2937	0.05	0.005	300
2925	1	2938	0.05	0.005	300
2926	1	2939	0.05	0.005	300
2927	1	2940	0.05	0.005	300
2928	1	2941	0.05	0.005	300
2929	1	2942	0.05	0.005	300
2930	1	2943	0.05	0.005	300
2931	1	2944	0.05	0.005	300
2932	1	2945	0.05	0.005	300
2933	1	2946	0.05	0.005	300
2934	1	2947	0.05	0.005	300
2935	1	2948	0.05	0.005	300
2936	1	2949	0.05	0.005	300
2937	1	2950	0.05	0.005	300
2938	1	2951	0.05	0.005	300
2939	1	2952	0.05	0.005	300
2940	1	2953	0.05	0.005	300
2941	1	2954	0.05	0.005	300
2942	1	2955	0.05	0.005	300
2943	1	2956	0.05	0.005	300
2944	1	2957	0.05	0.005	300
2945	1	2958	0.05	0.005	300
2946	1	2959	0.05	0.005	300
2947	1	2961	0.05	0.005	300
2948	1	2962	0.05	0.005	300
2949	1	2963	0.05	0.005	300
2950	1	2964	0.05	0.005	300
2951	1	2965	0.05	0.005	300
2952	1	2966	0.05	0.005	300
2953	1	2967	0.05	0.005	300
2954	1	2968	0.05	0.005	300
2955	1	2969	0.05	0.005	300
2956	1	2970	0.05	0.005	300
2957	1	2971	0.05	0.005	300
2958	1	2972	0.05	0.005	300
2959	1	2973	0.05	0.005	300
2960	1	2974	0.05	0.005	300
2961	1	2975	0.05	0.005	300
2962	1	2976	0.05	0.005	300
2963	1	2977	0.05	0.005	300
2964	1	2978	0.05	0.005	300
2965	1	2979	0.05	0.005	300
2966	1	2980	0.05	0.005	300
2967	1	2981	0.05	0.005	300
2968	1	2982	0.05	0.005	300
2969	1	2983	0.05	0.005	300
2970	1	2984	0.05	0.005	300
2971	1	2985	0.05	0.005	300
2972	1	2986	0.05	0.005	300
2973	1	2987	0.05	0.005	300
2974	1	2988	0.05	0.005	300
2975	1	2989	0.05	0.005	300
2976	1	2990	0.05	0.005	300
2977	1	2991	0.05	0.005	300
2978	1	2992	0.05	0.005	300
2979	1	2993	0.05	0.005	300
2980	1	2994	0.05	0.005	300
2981	1	2995	0.05	0.005	300
2982	1	2996	0.05	0.005	300
2983	1	2997	0.05	0.005	300
2984	1	2998	0.05	0.005	300
2985	1	2999	0.05	0.005	300
2986	1	3000	0.05	0.005	300
2987	1	3001	0.05	0.005	300
2988	1	3002	0.05	0.005	300
2989	1	3003	0.05	0.005	300
2990	1	3004	0.05	0.005	300
2991	1	3005	0.05	0.005	300
2992	1	3006	0.05	0.005	300
2993	1	3007	0.05	0.005	300
2994	1	3008	0.05	0.005	300
2995	1	3009	0.05	0.005	300
2996	1	3010	0.05	0.005	300
2997	1	3011	0.05	0.005	300
2998	1	3012	0.05	0.005	300
2999	1	3013	0.05	0.005	300
3000	1	3014	0.05	0.005	300
3001	1	3015	0.05	0.005	300
3002	1	3016	0.05	0.005	300
3003	1	3017	0.05	0.005	300
3004	1	3018	0.05	0.005	300
3005	1	3019	0.05	0.005	300
3006	1	3020	0.05	0.005	300
3007	1	3021	0.05	0.005	300
3008	1	3022	0.05	0.005	300
3009	1	3023	0.05	0.005	300
3010	1	3024	0.05	0.005	300
3011	1	3025	0.05	0.005	300
3012	1	3026	0.05	0.005	300
3013	1	3027	0.05	0.005	300
3014	1	3028	0.05	0.005	300
3015	1	3029	0.05	0.005	300
3016	1	3030	0.05	0.005	300
3017	1	3032	0.05	0.005	300
3018	1	3033	0.05	0.005	300
3019	1	3034	0.05	0.005	300
3020	1	3035	0.05	0.005	300
3021	1	3036	0.05	0.005	300
3022	1	3037	0.05	0.005	300
3023	1	3038	0.05	0.005	300
3024	1	3039	0.05	0.005	300
3025	1	3040	0.05	0.005	300
3026	1	3041	0.05	0.005	300
3027	1	3042	0.05	0.005	300
3028	1	3043	0.05	0.005	300
3029	1	3044	0.05	0.005	300
3030	1	3045	0.05	0.005	300
3031	1	3046	0.05	0.005	300
3032	1	3047	0.05	0.005	300
3033	1	3048	0.05	0.005	300
3034	1	3049	0.05	0.005	300
3035	1	3050	0.05	0.005	300
3036	1	3051	0.05	0.005	300
3037	1	3052	0.05	0.005	300
3038	1	3053	0.05	0.005	300
3039	1	3054	0.05	0.005	300
3040	1	3055	0.05	0.005	300
3041	1	3056	0.05	0.005	300
3042	1	3057	0.05	0.005	300
3043	1	3058	0.05	0.005	300
3044	1	3059	0.05	0.005	300
3045	1	3060	0.05	0.005	300
3046	1	3061	0.05	0.005	300
3047	1	3062	0.05	0.005	300
3048	1	3063	0.05	0.005	300
3049	1	3064	0.05	0.005	300
3050	1	3065	0.05	0.005	300
3051	1	3066	0.05	0.005	300
3052	1	3067	0.05	0.005	300
3053	1	3068	0.05	0.005	300
3054	1	3069	0.05	0.005	300
3055	1	3070	0.05	0.005	300
3056	1	3071	0.05	0.005	300
3057	1	3072	0.05	0.005	300
3058	1	3073	0.05	0.005	300
3059	1	3074	0.05	0.005	300
3060	1	3075	0.05	0.005	300
3061	1	3076	0.05	0.005	300
3062	1	3077	0.05	0.005	300
3063	1	3078	0.05	0.005	300
3064	1	3079	0.05	0.005	300
3065	1	3080	0.05	0.005	300
3066	1	3081	0.05	0.005	300
3067	1	3082	0.05	0.005	300
3068	1	3083	0.05	0.005	300
3069	1	3084	0.05	0.005	300
3070	1	3085	0.05	0.005	300
3071	1	3086	0.05	0.005	300
3072	1	3087	0.05	0.005	300
3073	1	3088	0.05	0.005	300
3074	1	3089	0.05	0.005	300
3075	1	3090	0.05	0.005	300
3076	1	3091	0.05	0.005	300
3077	1	3092	0.05	0.005	300
3078	1	3093	0.05	0.005	300
3079	1	3094	0.05	0.005	300
3080	1	3095	0.05	0.005	300
3081	1	3096	0.05	0.005	300
3082	1	3097	0.05	0.005	300
3083	1	3098	0.05	0.005	300
3084	1	3099	0.05	0.005	300
3085	1	3100	0.05	0.005	300
3086	1	3101	0.05	0.005	300
3087	1	3102	0.05	0.005	300
3088	1	3103	0.05	0.005	300
3089	1	3104	0.05	0.005	300
3090	1	3105	0.05	0.005	300
3091	1	3106	0.05	0.005	300
3092	1	3107	0.05	0.005	300
3093	1	3108	0.05	0.005	300
3094	1	3109	0.05	0.005	300
3095	1	3110	0.05	0.005	300
3096	1	3111	0.05	0.005	300
3097	1	3112	0.05	0.005	300
3098	1	3113	0.05	0.005	300
3099	1	3114	0.05	0.005	300
3100	1	3115	0.05	0.005	300
3101	1	3116	0.05	0.005	300
3102	1	3117	0.05	0.005	300
3103	1	3118	0.05	0.005	300
3104	1	3119	0.05	0.005	300
3105	1	3120	0.05	0.005	300
3106	1	3121	0.05	0.005	300
3107	1	3122	0.05	0.005	300
3108	1	3123	0.05	0.005	300
3109	1	3124	0.05	0.005	300
3110	1	3125	0.05	0.005	300
3111	1	3126	0.05	0.005	300
3112	1	3127	0.05	0.005	300
3113	1	3128	0.05	0.005	300
3114	1	3129	0.05	0.005	300
3115	1	3130	0.05	0.005	300
3116	1	3131	0.05	0.005	300
3117	1	3132	0.05	0.005	300
3118	1	3133	0.05	0.005	300
3119	1	3134	0.05	0.005	300
3120	1	3135	0.05	0.005	300
3121	1	3136	0.05	0.005	300
3122	1	3137	0.05	0.005	300
3123	1	3138	0.05	0.005	300
3124	1	3139	0.05	0.005	300
3125	1	3140	0.05	0.005	300
3126	1	3141	0.05	0.005	300
3127	1	3142	0.05	0.005	300
3128	1	3143	0.05	0.005	300
3129	1	3144	0.05	0.005	300
3130	1	3145	0.05	0.005	300
3131	1	3146	0.05	0.005	300
3132	1	3147	0.05	0.005	300
3133	1	3148	0.05	0.005	300
3134	1	3149	0.05	0.005	300
3135	1	3150	0.05	0.005	300
3136	1	3151	0.05	0.005	300
3137	1	3152	0.05	0.005	300
3138	1	3153	0.05	0.005	300
3139	1	3154	0.05	0.005	300
3140	1	3155	0.05	0.005	300
3141	1	3156	0.05	0.005	300
3142	1	3157	0.05	0.005	300
3143	1	3158	0.05	0.005	300
3144	1	3159	0.05	0.005	300
3145	1	3160	0.05	0.005	300
3146	1	3161	0.05	0.005	300
3147	1	3162	0.05	0.005	300
3148	1	3163	0.05	0.005	300
3149	1	3164	0.05	0.005	300
3150	1	3165	0.05	0.005	300
3151	1	3166	0.05	0.005	300
3152	1	3167	0.05	0.005	300
3153	1	3168	0.05	0.005	300
3154	1	3169	0.05	0.005	300
3155	1	3170	0.05	0.005	300
3156	1	3171	0.05	0.005	300
3157	1	3172	0.05	0.005	300
3158	1	3173	0.05	0.005	300
3159	1	3174	0.05	0.005	300
3160	1	3175	0.05	0.005	300
3161	1	3176	0.05	0.005	300
3162	1	3177	0.05	0.005	300
3163	1	3178	0.05	0.005	300
3164	1	3179	0.05	0.005	300
3165	1	3180	0.05	0.005	300
3166	1	3181	0.05	0.005	300
3167	1	3182	0.05	0.005	300
3168	1	3183	0.05	0.005	300
3169	1	3184	0.05	0.005	300
3170	1	3185	0.05	0.005	300
3171	1	3186	0.05	0.005	300
3172	1	3187	0.05	0.005	300
3173	1	3188	0.05	0.005	300
3174	1	3189	0.05	0.005	300
3175	1	3190	0.05	0.005	300
3176	1	3191	0.05	0.005	300
3177	1	3192	0.05	0.005	300
3178	1	3193	0.05	0.005	300
3179	1	3194	0.05	0.005	300
3180	1	3195	0.05	0.005	300
3181	1	3196	0.05	0.005	300
3182	1	3197	0.05	0.005	300
3183	1	3198	0.05	0.005	300
3184	1	3199	0.05	0.005	300
3185	1	3200	0.05	0.005	300
3186	1	3201	0.05	0.005	300
3187	1	3202	0.05	0.005	300
3188	1	3203	0.05	0.005	300
3189	1	3204	0.05	0.005	300
3190	1	3205	0.05	0.005	300
3191	1	3206	0.05	0.005	300
3192	1	3207	0.05	0.005	300
3193	1	3208	0.05	0.005	300
3194	1	3209	0.05	0.005	300
3195	1	3210	0.05	0.005	300
3196	1	3211	0.05	0.005	300
3197	1	3212	0.05	0.005	300
3198	1	3213	0.05	0.005	300
3199	1	3214	0.05	0.005	300
3200	1	3215	0.05	0.005	300
3201	1	3216	0.05	0.005	300
3202	1	3217	0.05	0.005	300
3203	1	3218	0.05	0.005	300
3204	1	3219	0.05	0.005	300
3205	1	3220	0.05	0.005	300
3206	1	3221	0.05	0.005	300
3207	1	3222	0.05	0.005	300
3208	1	3223	0.05	0.005	300
3209	1	3224	0.05	0.005	300
3210	1	3225	0.05	0.005	300
3211	1	3226	0.05	0.005	300
3212	1	3227	0.05	0.005	300
3213	1	3228	0.05	0.005	300
3214	1	3229	0.05	0.005	300
3215	1	3230	0.05	0.005	300
3216	1	3231	0.05	0.005	300
3217	1	3232	0.05	0.005	300
3218	1	3233	0.05	0.005	300
3219	1	3234	0.05	0.005	300
3220	1	3235	0.05	0.005	300
3221	1	3236	0.05	0.005	300
3222	1	3237	0.05	0.005	300
3223	1	3238	0.05	0.005	300
3224	1	3239	0.05	0.005	300
3225	1	3240	0.05	0.005	300
3226	1	3241	0.05	0.005	300
3227	1	3242	0.05	0.005	300
3228	1	3243	0.05	0.005	300
3229	1	3244	0.05	0.005	300
3230	1	3245	0.05	0.005	300
3231	1	3246	0.05	0.005	300
3232	1	3247	0.05	0.005	300
3233	1	3248	0.05	0.005	300
3234	1	3249	0.05	0.005	300
3235	1	3250	0.05	0.005	300
3236	1	3251	0.05	0.005	300
3237	1	3252	0.05	0.005	300
3238	1	3253	0.05	0.005	300
3239	1	3254	0.05	0.005	300
3240	1	3255	0.05	0.005	300
3241	1	3256	0.05	0.005	300
3242	1	3257	0.05	0.005	300
3243	1	3258	0.05	0.005	300
3244	1	3259	0.05	0.005	300
3245	1	3260	0.05	0.005	300
3246	1	3261	0.05	0.005	300
3247	1	3262	0.05	0.005	300
3248	1	3263	0.05	0.005	300
3249	1	3264	0.05	0.005	300
3250	1	3265	0.05	0.005	300
3251	1	3266	0.05	0.005	300
3252	1	3267	0.05	0.005	300
3253	1	3268	0.05	0.005	300
3254	1	3269	0.05	0.005	300
3255	1	3270	0.05	0.005	300
3256	1	3271	0.05	0.005	300
3257	1	3272	0.05	0.005	300
3258	1	3273	0.05	0.005	300
3259	1	3274	0.05	0.005	300
3260	1	3275	0.05	0.005	300
3261	1	3276	0.05	0.005	300
3262	1	3277	0.05	0.005	300
3263	1	3278	0.05	0.005	300
3264	1	3279	0.05	0.005	300
3265	1	3280	0.05	0.005	300
3266	1	3281	0.05	0.005	300
3267	1	3282	0.05	0.005	300
3268	1	3283	0.05	0.005	300
3269	1	3284	0.05	0.005	300
3270	1	3285	0.05	0.005	300
3271	1	3286	0.05	0.005	300
3272	1	3287	0.05	0.005	300
3273	1	3288	0.05	0.005	300
3274	1	3289	0.05	0.005	300
3275	1	3290	0.05	0.005	300
3276	1	3291	0.05	0.005	300
3277	1	3292	0.05	0.005	300
3278	1	3293	0.05	0.005	300
3279	1	3294	0.05	0.005	300
3280	1	3295	0.05	0.005	300
3281	1	3296	0.05	0.005	300
3282	1	3297	0.05	0.005	300
3283	1	3298	0.05	0.005	300
3284	1	3299	0.05	0.005	300
3285	1	3300	0.05	0.005	300
3286	1	3301	0.05	0.005	300
3287	1	3302	0.05	0.005	300
3288	1	3303	0.05	0.005	300
3289	1	3304	0.05	0.005	300
3290	1	3305	0.05	0.005	300
3291	1	3306	0.05	0.005	300
3292	1	3307	0.05	0.005	300
3293	1	3308	0.05	0.005	300
3294	1	3309	0.05	0.005	300
3295	1	3310	0.05	0.005	300
3296	1	3311	0.05	0.005	300
3297	1	3312	0.05	0.005	300
3298	1	3313	0.05	0.005	300
3299	1	3314	0.05	0.005	300
3300	1	3315	0.05	0.005	300
3301	1	3316	0.05	0.005	300
3302	1	3317	0.05	0.005	300
3303	1	3318	0.05	0.005	300
3304	1	3319	0.05	0.005	300
3305	1	3320	0.05	0.005	300
3306	1	3321	0.05	0.005	300
3307	1	3322	0.05	0.005	300
3308	1	3323	0.05	0.005	300
3309	1	3324	0.05	0.005	300
3310	1	3325	0.05	0.005	300
3311	1	3326	0.05	0.005	300
3312	1	3327	0.05	0.005	300
3313	1	3328	0.05	0.005	300
3314	1	3329	0.05	0.005	300
3315	1	3330	0.05	0.005	300
3316	1	3331	0.05	0.005	300
3317	1	3332	0.05	0.005	300
3318	1	3333	0.05	0.005	300
3319	1	3334	0.05	0.005	300
3320	1	3335	0.05	0.005	300
3321	1	3336	0.05	0.005	300
3322	1	3337	0.05	0.005	300
3323	1	3338	0.05	0.005	300
3324	1	3339	0.05	0.005	300
3325	1	3340	0.05	0.005	300
3326	1	3341	0.05	0.005	300
3327	1	3342	0.05	0.005	300
3328	1	3343	0.05	0.005	300
3329	1	3344	0.05	0.005	300
3330	1	3345	0.05	0.005	300
3331	1	3346	0.05	0.005	300
3332	1	3347	0.05	0.005	300
3333	1	3348	0.05	0.005	300
3334	1	3349	0.05	0.005	300
3335	1	3350	0.05	0.005	300
3336	1	3351	0.05	0.005	300
3337	1	3352	0.05	0.005	300
3338	1	3353	0.05	0.005	300
3339	1	3354	0.05	0.005	300
3340	1	3355	0.05	0.005	300
3341	1	3356	0.05	0.005	300
3342	1	3357	0.05	0.005	300
3343	1	3358	0.05	0.005	300
3344	1	3359	0.05	0.005	300
3345	1	3360	0.05	0.005	300
3346	1	3361	0.05	0.005	300
3347	1	3362	0.05	0.005	300
3348	1	3363	0.05	0.005	300
3349	1	3364	0.05	0.005	300
3350	1	3365	0.05	0.005	300
3351	1	3366	0.05	0.005	300
3352	1	3367	0.05	0.005	300
3353	1	3368	0.05	0.005	300
3354	1	3369	0.05	0.005	300
3355	1	3370	0.05	0.005	300
3356	1	3371	0.05	0.005	300
3357	1	3372	0.05	0.005	300
3358	1	3373	0.05	0.005	300
3359	1	3374	0.05	0.005	300
3360	1	3375	0.05	0.005	300
3361	1	3376	0.05	0.005	300
3362	1	3377	0.05	0.005	300
3363	1	3378	0.05	0.005	300
3364	1	3379	0.05	0.005	300
3365	1	3380	0.05	0.005	300
3366	1	3381	0.05	0.005	300
3367	1	3382	0.05	0.005	300
3368	1	3383	0.05	0.005	300
3369	1	3384	0.05	0.005	300
3370	1	3385	0.05	0.005	300
3371	1	3386	0.05	0.005	300
3372	1	3387	0.05	0.005	300
3373	1	3388	0.05	0.005	300
3374	1	3389	0.05	0.005	300
3375	1	3390	0.05	0.005	300
3376	1	3391	0.05	0.005	300
3377	1	3392	0.05	0.005	300
3378	1	3393	0.05	0.005	300
3379	1	3394	0.05	0.005	300
3380	1	3395	0.05	0.005	300
3381	1	3396	0.05	0.005	300
3382	1	3397	0.05	0.005	300
3383	1	3398	0.05	0.005	300
3384	1	3399	0.05	0.005	300
3385	1	3400	0.05	0.005	300
3386	1	3401	0.05	0.005	300
3387	1	3402	0.05	0.005	300
3388	1	3403	0.05	0.005	300
3389	1	3404	0.05	0.005	300
3390	1	3405	0.05	0.005	300
3391	1	3406	0.05	0.005	300
3392	1	3407	0.05	0.005	300
3393	1	3408	0.05	0.005	300
3394	1	3409	0.05	0.005	300
3395	1	3410	0.05	0.005	300
3396	1	3411	0.05	0.005	300
3397	1	3412	0.05	0.005	300
3398	1	3413	0.05	0.005	300
3399	1	3414	0.05	0.005	300
3400	1	3415	0.05	0.005	300
3401	1	3416	0.05	0.005	300
3402	1	3417	0.05	0.005	300
3403	1	3418	0.05	0.005	300
3404	1	3419	0.05	0.005	300
3405	1	3420	0.05	0.005	300
3406	1	3421	0.05	0.005	300
3407	1	3422	0.05	0.005	300
3408	1	3423	0.05	0.005	300
3409	1	3424	0.05	0.005	300
3410	1	3425	0.05	0.005	300
3411	1	3426	0.05	0.005	300
3412	1	3427	0.05	0.005	300
3413	1	3428	0.05	0.005	300
3414	1	3429	0.05	0.005	300
3415	1	3430	0.05	0.005	300
3416	1	3431	0.05	0.005	300
3417	1	3432	0.05	0.005	300
3418	1	3433	0.05	0.005	300
3419	1	3434	0.05	0.005	300
3420	1	3435	0.05	0.005	300
3421	1	3436	0.05	0.005	300
3422	1	3437	0.05	0.005	300
3423	1	3438	0.05	0.005	300
3424	1	3439	0.05	0.005	300
3425	1	3440	0.05	0.005	300
3426	1	3441	0.05	0.005	300
3427	1	3442	0.05	0.005	300
3428	1	3443	0.05	0.005	300
3429	1	3444	0.05	0.005	300
3430	1	3445	0.05	0.005	300
3431	1	3446	0.05	0.005	300
3432	1	3447	0.05	0.005	300
3433	1	3448	0.05	0.005	300
3434	1	3449	0.05	0.005	300
3435	1	3450	0.05	0.005	300
3436	1	3451	0.05	0.005	300
3437	1	3452	0.05	0.005	300
3438	1	3453	0.05	0.005	300
3439	1	3454	0.05	0.005	300
3440	1	3455	0.05	0.005	300
3441	1	3456	0.05	0.005	300
3442	1	3457	0.05	0.005	300
3443	1	3458	0.05	0.005	300
3444	1	3459	0.05	0.005	300
3445	1	3460	0.05	0.005	300
3446	1	3461	0.05	0.005	300
3447	1	3462	0.05	0.005	300
3448	1	3463	0.05	0.005	300
3449	1	3464	0.05	0.005	300
3450	1	3465	0.05	0.005	300
3451	1	3466	0.05	0.005	300
3452	1	3467	0.05	0.005	300
3453	1	3468	0.05	0.005	300
3454	1	3469	0.05	0.005	300
3455	1	3470	0.05	0.005	300
3456	1	3471	0.05	0.005	300
3457	1	3472	0.05	0.005	300
3458	1	3473	0.05	0.005	300
3459	1	3474	0.05	0.005	300
3460	1	3475	0.05	0.005	300
3461	1	3476	0.05	0.005	300
3462	1	3477	0.05	0.005	300
3463	1	3478	0.05	0.005	300
3464	1	3479	0.05	0.005	300
3465	1	3480	0.05	0.005	300
3466	1	3481	0.05	0.005	300
3467	1	3482	0.05	0.005	300
3468	1	3483	0.05	0.005	300
3469	1	3484	0.05	0.005	300
3470	1	3485	0.05	0.005	300
3471	1	3486	0.05	0.005	300
3472	1	3487	0.05	0.005	300
3473	1	3488	0.05	0.005	300
3474	1	3489	0.05	0.005	300
3475	1	3490	0.05	0.005	300
3476	1	3491	0.05	0.005	300
3477	1	3492	0.05	0.005	300
3478	1	3493	0.05	0.005	300
3479	1	3494	0.05	0.005	300
3480	1	3495	0.05	0.005	300
3481	1	3496	0.05	0.005	300
3482	1	3497	0.05	0.005	300
3483	1	3498	0.05	0.005	300
3484	1	3499	0.05	0.005	300
3485	1	3500	0.05	0.005	300
3486	1	3501	0.05	0.005	300
3487	1	3502	0.05	0.005	300
3488	1	3503	0.05	0.005	300
3489	1	3504	0.05	0.005	300
3490	1	3505	0.05	0.005	300
3491	1	3506	0.05	0.005	300
3492	1	3507	0.05	0.005	300
3493	1	3508	0.05	0.005	300
3494	1	3509	0.05	0.005	300
3495	1	3510	0.05	0.005	300
3496	1	3511	0.05	0.005	300
3497	1	3512	0.05	0.005	300
3498	1	3513	0.05	0.005	300
3499	1	3514	0.05	0.005	300
3500	1	3515	0.05	0.005	300
3501	1	3516	0.05	0.005	300
3502	1	3517	0.05	0.005	300
3503	1	3518	0.05	0.005	300
3504	1	3519	0.05	0.005	300
3505	1	3520	0.05	0.005	300
3506	1	3521	0.05	0.005	300
3507	1	3522	0.05	0.005	300
3508	1	3523	0.05	0.005	300
3509	1	3524	0.05	0.005	300
3510	1	3525	0.05	0.005	300
3511	1	3526	0.05	0.005	300
3512	1	3527	0.05	0.005	300
3513	1	3528	0.05	0.005	300
3514	1	3529	0.05	0.005	300
3515	1	3530	0.05	0.005	300
3516	1	3531	0.05	0.005	300
3517	1	3532	0.05	0.005	300
3518	1	3533	0.05	0.005	300
3519	1	3534	0.05	0.005	300
3520	1	3535	0.05	0.005	300
3521	1	3536	0.05	0.005	300
3522	1	3537	0.05	0.005	300
3523	1	3538	0.05	0.005	300
3524	1	3539	0.05	0.005	300
3525	1	3540	0.05	0.005	300
3526	1	3541	0.05	0.005	300
3527	1	3542	0.05	0.005	300
3528	1	3543	0.05	0.005	300
3529	1	3544	0.05	0.005	300
3530	1	3545	0.05	0.005	300
3531	1	3546	0.05	0.005	300
3532	1	3547	0.05	0.005	300
3533	1	3548	0.05	0.005	300
3534	1	3549	0.05	0.005	300
3535	1	3550	0.05	0.005	300
3536	1	3551	0.05	0.005	300
3537	1	3552	0.05	0.005	300
3538	1	3553	0.05	0.005	300
3539	1	3554	0.05	0.005	300
3540	1	3555	0.05	0.005	300
3541	1	3556	0.05	0.005	300
3542	1	3557	0.05	0.005	300
3543	1	3558	0.05	0.005	300
3544	1	3559	0.05	0.005	300
3545	1	3560	0.05	0.005	300
3546	1	3561	0.05	0.005	300
3547	1	3562	0.05	0.005	300
3548	1	3563	0.05	0.005	300
3549	1	3564	0.05	0.005	300
3550	1	3565	0.05	0.005	300
3551	1	3566	0.05	0.005	300
3552	1	3567	0.05	0.005	300
3553	1	3581	0.05	0.005	300
3554	1	3582	0.05	0.005	300
3555	1	3583	0.05	0.005	300
3556	1	3584	0.05	0.005	300
3557	1	3585	0.05	0.005	300
3558	1	3586	0.05	0.005	300
3559	1	3587	0.05	0.005	300
3560	1	3588	0.05	0.005	300
3561	1	3589	0.05	0.005	300






























































































































































































































































































































































































































































































































































































































































































































































































































































































































































































































































































































































































































































































































































































































































































































































































































































































































































































































































































































































































































































































































































































































































































































































































































































































































































































































































































































































































































































































































































































































































































































































































































































































































































































































































































































































































































































































