Loop Detector Locations
1795	0
1	1	1	0.05	0.005	300
2	1	2	0.05	0.005	300
3	1	3	0.05	0.005	300
4	1	4	0.05	0.005	300
5	1	5	0.05	0.005	300
6	1	6	0.05	0.005	300
7	1	7	0.05	0.005	300
8	1	8	0.05	0.005	300
9	1	9	0.05	0.005	300
10	1	10	0.05	0.005	300
11	1	11	0.05	0.005	300
12	1	12	0.05	0.005	300
13	1	13	0.05	0.005	300
14	1	14	0.05	0.005	300
15	1	15	0.05	0.005	300
16	1	16	0.05	0.005	300
17	1	17	0.05	0.005	300
18	1	18	0.05	0.005	300
19	1	19	0.05	0.005	300
20	1	20	0.05	0.005	300
21	1	21	0.05	0.005	300
22	1	22	0.05	0.005	300
23	1	23	0.05	0.005	300
24	1	24	0.05	0.005	300
25	1	25	0.05	0.005	300
26	1	26	0.05	0.005	300
27	1	27	0.05	0.005	300
28	1	28	0.05	0.005	300
29	1	29	0.05	0.005	300
30	1	30	0.05	0.005	300
31	1	31	0.05	0.005	300
32	1	32	0.05	0.005	300
33	1	33	0.05	0.005	300
34	1	34	0.05	0.005	300
35	1	35	0.05	0.005	300
36	1	36	0.05	0.005	300
37	1	37	0.05	0.005	300
38	1	38	0.05	0.005	300
39	1	39	0.05	0.005	300
40	1	40	0.05	0.005	300
41	1	41	0.05	0.005	300
42	1	42	0.05	0.005	300
43	1	43	0.05	0.005	300
44	1	44	0.05	0.005	300
45	1	45	0.05	0.005	300
46	1	46	0.05	0.005	300
47	1	47	0.05	0.005	300
48	1	48	0.05	0.005	300
49	1	49	0.05	0.005	300
50	1	50	0.05	0.005	300
51	1	51	0.05	0.005	300
52	1	52	0.05	0.005	300
53	1	53	0.05	0.005	300
54	1	54	0.05	0.005	300
55	1	55	0.05	0.005	300
56	1	56	0.05	0.005	300
57	1	57	0.05	0.005	300
58	1	58	0.05	0.005	300
59	1	59	0.05	0.005	300
60	1	60	0.05	0.005	300
61	1	61	0.05	0.005	300
62	1	62	0.05	0.005	300
63	1	63	0.05	0.005	300
64	1	64	0.05	0.005	300
65	1	65	0.05	0.005	300
66	1	66	0.05	0.005	300
67	1	67	0.05	0.005	300
68	1	68	0.05	0.005	300
69	1	69	0.05	0.005	300
70	1	70	0.05	0.005	300
71	1	71	0.05	0.005	300
72	1	72	0.05	0.005	300
73	1	73	0.05	0.005	300
74	1	74	0.05	0.005	300
75	1	75	0.05	0.005	300
76	1	76	0.05	0.005	300
77	1	77	0.05	0.005	300
78	1	78	0.05	0.005	300
79	1	79	0.05	0.005	300
80	1	80	0.05	0.005	300
81	1	81	0.05	0.005	300
82	1	82	0.05	0.005	300
83	1	83	0.05	0.005	300
84	1	84	0.05	0.005	300
85	1	85	0.05	0.005	300
86	1	86	0.05	0.005	300
87	1	87	0.05	0.005	300
88	1	88	0.05	0.005	300
89	1	89	0.05	0.005	300
90	1	90	0.05	0.005	300
91	1	91	0.05	0.005	300
92	1	92	0.05	0.005	300
93	1	93	0.05	0.005	300
94	1	94	0.05	0.005	300
95	1	95	0.05	0.005	300
96	1	96	0.05	0.005	300
97	1	97	0.05	0.005	300
98	1	98	0.05	0.005	300
99	1	99	0.05	0.005	300
100	1	100	0.05	0.005	300
101	1	101	0.05	0.005	300
102	1	102	0.05	0.005	300
103	1	103	0.05	0.005	300
104	1	104	0.05	0.005	300
105	1	105	0.05	0.005	300
106	1	106	0.05	0.005	300
107	1	107	0.05	0.005	300
108	1	108	0.05	0.005	300
109	1	109	0.05	0.005	300
110	1	110	0.05	0.005	300
111	1	111	0.05	0.005	300
112	1	112	0.05	0.005	300
113	1	113	0.05	0.005	300
114	1	114	0.05	0.005	300
115	1	115	0.05	0.005	300
116	1	116	0.05	0.005	300
117	1	117	0.05	0.005	300
118	1	118	0.05	0.005	300
119	1	119	0.05	0.005	300
120	1	120	0.05	0.005	300
121	1	121	0.05	0.005	300
122	1	122	0.05	0.005	300
123	1	123	0.05	0.005	300
124	1	124	0.05	0.005	300
125	1	125	0.05	0.005	300
126	1	126	0.05	0.005	300
127	1	127	0.05	0.005	300
128	1	128	0.05	0.005	300
129	1	129	0.05	0.005	300
130	1	130	0.05	0.005	300
131	1	131	0.05	0.005	300
132	1	132	0.05	0.005	300
133	1	133	0.05	0.005	300
134	1	134	0.05	0.005	300
135	1	135	0.05	0.005	300
136	1	136	0.05	0.005	300
137	1	137	0.05	0.005	300
138	1	138	0.05	0.005	300
139	1	139	0.05	0.005	300
140	1	140	0.05	0.005	300
141	1	141	0.05	0.005	300
142	1	142	0.05	0.005	300
143	1	143	0.05	0.005	300
144	1	144	0.05	0.005	300
145	1	145	0.05	0.005	300
146	1	146	0.05	0.005	300
147	1	147	0.05	0.005	300
148	1	148	0.05	0.005	300
149	1	149	0.05	0.005	300
150	1	150	0.05	0.005	300
151	1	151	0.05	0.005	300
152	1	152	0.05	0.005	300
153	1	153	0.05	0.005	300
154	1	154	0.05	0.005	300
155	1	155	0.05	0.005	300
156	1	156	0.05	0.005	300
157	1	157	0.05	0.005	300
158	1	158	0.05	0.005	300
159	1	159	0.05	0.005	300
160	1	160	0.05	0.005	300
161	1	161	0.05	0.005	300
162	1	162	0.05	0.005	300
163	1	163	0.05	0.005	300
164	1	164	0.05	0.005	300
165	1	165	0.05	0.005	300
166	1	166	0.05	0.005	300
167	1	167	0.05	0.005	300
168	1	168	0.05	0.005	300
169	1	169	0.05	0.005	300
170	1	170	0.05	0.005	300
171	1	171	0.05	0.005	300
172	1	172	0.05	0.005	300
173	1	173	0.05	0.005	300
174	1	174	0.05	0.005	300
175	1	175	0.05	0.005	300
176	1	176	0.05	0.005	300
177	1	177	0.05	0.005	300
178	1	178	0.05	0.005	300
179	1	179	0.05	0.005	300
180	1	180	0.05	0.005	300
181	1	181	0.05	0.005	300
182	1	182	0.05	0.005	300
183	1	183	0.05	0.005	300
184	1	184	0.05	0.005	300
185	1	185	0.05	0.005	300
186	1	186	0.05	0.005	300
187	1	187	0.05	0.005	300
188	1	188	0.05	0.005	300
189	1	189	0.05	0.005	300
190	1	190	0.05	0.005	300
191	1	191	0.05	0.005	300
192	1	192	0.05	0.005	300
193	1	193	0.05	0.005	300
194	1	194	0.05	0.005	300
195	1	195	0.05	0.005	300
196	1	196	0.05	0.005	300
197	1	197	0.05	0.005	300
198	1	198	0.05	0.005	300
199	1	199	0.05	0.005	300
200	1	200	0.05	0.005	300
201	1	201	0.05	0.005	300
202	1	202	0.05	0.005	300
203	1	203	0.05	0.005	300
204	1	204	0.05	0.005	300
205	1	205	0.05	0.005	300
206	1	206	0.05	0.005	300
207	1	207	0.05	0.005	300
208	1	208	0.05	0.005	300
209	1	209	0.05	0.005	300
210	1	210	0.05	0.005	300
211	1	211	0.05	0.005	300
212	1	212	0.05	0.005	300
213	1	213	0.05	0.005	300
214	1	214	0.05	0.005	300
215	1	215	0.05	0.005	300
216	1	216	0.05	0.005	300
217	1	217	0.05	0.005	300
218	1	218	0.05	0.005	300
219	1	219	0.05	0.005	300
220	1	220	0.05	0.005	300
221	1	221	0.05	0.005	300
222	1	222	0.05	0.005	300
223	1	223	0.05	0.005	300
224	1	224	0.05	0.005	300
225	1	225	0.05	0.005	300
226	1	226	0.05	0.005	300
227	1	227	0.05	0.005	300
228	1	228	0.05	0.005	300
229	1	229	0.05	0.005	300
230	1	230	0.05	0.005	300
231	1	231	0.05	0.005	300
232	1	232	0.05	0.005	300
233	1	233	0.05	0.005	300
234	1	234	0.05	0.005	300
235	1	235	0.05	0.005	300
236	1	236	0.05	0.005	300
237	1	237	0.05	0.005	300
238	1	238	0.05	0.005	300
239	1	239	0.05	0.005	300
240	1	240	0.05	0.005	300
241	1	241	0.05	0.005	300
242	1	242	0.05	0.005	300
243	1	243	0.05	0.005	300
244	1	244	0.05	0.005	300
245	1	245	0.05	0.005	300
246	1	246	0.05	0.005	300
247	1	247	0.05	0.005	300
248	1	248	0.05	0.005	300
249	1	249	0.05	0.005	300
250	1	250	0.05	0.005	300
251	1	251	0.05	0.005	300
252	1	252	0.05	0.005	300
253	1	253	0.05	0.005	300
254	1	254	0.05	0.005	300
255	1	255	0.05	0.005	300
256	1	256	0.05	0.005	300
257	1	257	0.05	0.005	300
258	1	258	0.05	0.005	300
259	1	259	0.05	0.005	300
260	1	260	0.05	0.005	300
261	1	261	0.05	0.005	300
262	1	262	0.05	0.005	300
263	1	263	0.05	0.005	300
264	1	264	0.05	0.005	300
265	1	265	0.05	0.005	300
266	1	266	0.05	0.005	300
267	1	267	0.05	0.005	300
268	1	268	0.05	0.005	300
269	1	269	0.05	0.005	300
270	1	270	0.05	0.005	300
271	1	271	0.05	0.005	300
272	1	272	0.05	0.005	300
273	1	273	0.05	0.005	300
274	1	274	0.05	0.005	300
275	1	275	0.05	0.005	300
276	1	276	0.05	0.005	300
277	1	277	0.05	0.005	300
278	1	278	0.05	0.005	300
279	1	279	0.05	0.005	300
280	1	280	0.05	0.005	300
281	1	281	0.05	0.005	300
282	1	282	0.05	0.005	300
283	1	283	0.05	0.005	300
284	1	284	0.05	0.005	300
285	1	285	0.05	0.005	300
286	1	286	0.05	0.005	300
287	1	287	0.05	0.005	300
288	1	288	0.05	0.005	300
289	1	289	0.05	0.005	300
290	1	290	0.05	0.005	300
291	1	291	0.05	0.005	300
292	1	292	0.05	0.005	300
293	1	293	0.05	0.005	300
294	1	294	0.05	0.005	300
295	1	295	0.05	0.005	300
296	1	296	0.05	0.005	300
297	1	297	0.05	0.005	300
298	1	298	0.05	0.005	300
299	1	299	0.05	0.005	300
300	1	300	0.05	0.005	300
301	1	301	0.05	0.005	300
302	1	302	0.05	0.005	300
303	1	303	0.05	0.005	300
304	1	304	0.05	0.005	300
305	1	305	0.05	0.005	300
306	1	306	0.05	0.005	300
307	1	307	0.05	0.005	300
308	1	308	0.05	0.005	300
309	1	309	0.05	0.005	300
310	1	310	0.05	0.005	300
311	1	311	0.05	0.005	300
312	1	312	0.05	0.005	300
313	1	313	0.05	0.005	300
314	1	314	0.05	0.005	300
315	1	315	0.05	0.005	300
316	1	316	0.05	0.005	300
317	1	317	0.05	0.005	300
318	1	318	0.05	0.005	300
319	1	319	0.05	0.005	300
320	1	320	0.05	0.005	300
321	1	321	0.05	0.005	300
322	1	322	0.05	0.005	300
323	1	323	0.05	0.005	300
324	1	324	0.05	0.005	300
325	1	325	0.05	0.005	300
326	1	326	0.05	0.005	300
327	1	327	0.05	0.005	300
328	1	328	0.05	0.005	300
329	1	329	0.05	0.005	300
330	1	330	0.05	0.005	300
331	1	331	0.05	0.005	300
332	1	332	0.05	0.005	300
333	1	333	0.05	0.005	300
334	1	334	0.05	0.005	300
335	1	335	0.05	0.005	300
336	1	336	0.05	0.005	300
337	1	337	0.05	0.005	300
338	1	338	0.05	0.005	300
339	1	339	0.05	0.005	300
340	1	340	0.05	0.005	300
341	1	341	0.05	0.005	300
342	1	342	0.05	0.005	300
343	1	343	0.05	0.005	300
344	1	344	0.05	0.005	300
345	1	345	0.05	0.005	300
346	1	346	0.05	0.005	300
347	1	347	0.05	0.005	300
348	1	348	0.05	0.005	300
349	1	349	0.05	0.005	300
350	1	350	0.05	0.005	300
351	1	351	0.05	0.005	300
352	1	352	0.05	0.005	300
353	1	353	0.05	0.005	300
354	1	354	0.05	0.005	300
355	1	355	0.05	0.005	300
356	1	356	0.05	0.005	300
357	1	357	0.05	0.005	300
358	1	358	0.05	0.005	300
359	1	359	0.05	0.005	300
360	1	360	0.05	0.005	300
361	1	361	0.05	0.005	300
362	1	362	0.05	0.005	300
363	1	363	0.05	0.005	300
364	1	364	0.05	0.005	300
365	1	365	0.05	0.005	300
366	1	366	0.05	0.005	300
367	1	367	0.05	0.005	300
368	1	368	0.05	0.005	300
369	1	369	0.05	0.005	300
370	1	370	0.05	0.005	300
371	1	371	0.05	0.005	300
372	1	372	0.05	0.005	300
373	1	373	0.05	0.005	300
374	1	374	0.05	0.005	300
375	1	375	0.05	0.005	300
376	1	376	0.05	0.005	300
377	1	377	0.05	0.005	300
378	1	378	0.05	0.005	300
379	1	379	0.05	0.005	300
380	1	380	0.05	0.005	300
381	1	381	0.05	0.005	300
382	1	382	0.05	0.005	300
383	1	383	0.05	0.005	300
384	1	384	0.05	0.005	300
385	1	385	0.05	0.005	300
386	1	386	0.05	0.005	300
387	1	387	0.05	0.005	300
388	1	388	0.05	0.005	300
389	1	389	0.05	0.005	300
390	1	390	0.05	0.005	300
391	1	391	0.05	0.005	300
392	1	392	0.05	0.005	300
393	1	393	0.05	0.005	300
394	1	394	0.05	0.005	300
395	1	395	0.05	0.005	300
396	1	396	0.05	0.005	300
397	1	397	0.05	0.005	300
398	1	398	0.05	0.005	300
399	1	399	0.05	0.005	300
400	1	400	0.05	0.005	300
401	1	401	0.05	0.005	300
402	1	402	0.05	0.005	300
403	1	403	0.05	0.005	300
404	1	404	0.05	0.005	300
405	1	405	0.05	0.005	300
406	1	406	0.05	0.005	300
407	1	407	0.05	0.005	300
408	1	408	0.05	0.005	300
409	1	409	0.05	0.005	300
410	1	410	0.05	0.005	300
411	1	411	0.05	0.005	300
412	1	412	0.05	0.005	300
413	1	413	0.05	0.005	300
414	1	414	0.05	0.005	300
415	1	415	0.05	0.005	300
416	1	416	0.05	0.005	300
417	1	417	0.05	0.005	300
418	1	418	0.05	0.005	300
419	1	419	0.05	0.005	300
420	1	420	0.05	0.005	300
421	1	421	0.05	0.005	300
422	1	422	0.05	0.005	300
423	1	423	0.05	0.005	300
424	1	424	0.05	0.005	300
425	1	425	0.05	0.005	300
426	1	426	0.05	0.005	300
427	1	427	0.05	0.005	300
428	1	428	0.05	0.005	300
429	1	429	0.05	0.005	300
430	1	430	0.05	0.005	300
431	1	431	0.05	0.005	300
432	1	432	0.05	0.005	300
433	1	433	0.05	0.005	300
434	1	434	0.05	0.005	300
435	1	435	0.05	0.005	300
436	1	436	0.05	0.005	300
437	1	437	0.05	0.005	300
438	1	438	0.05	0.005	300
439	1	439	0.05	0.005	300
440	1	440	0.05	0.005	300
441	1	441	0.05	0.005	300
442	1	442	0.05	0.005	300
443	1	444	0.05	0.005	300
444	1	447	0.05	0.005	300
445	1	448	0.05	0.005	300
446	1	449	0.05	0.005	300
447	1	450	0.05	0.005	300
448	1	451	0.05	0.005	300
449	1	452	0.05	0.005	300
450	1	453	0.05	0.005	300
451	1	454	0.05	0.005	300
452	1	455	0.05	0.005	300
453	1	456	0.05	0.005	300
454	1	457	0.05	0.005	300
455	1	458	0.05	0.005	300
456	1	459	0.05	0.005	300
457	1	460	0.05	0.005	300
458	1	461	0.05	0.005	300
459	1	462	0.05	0.005	300
460	1	463	0.05	0.005	300
461	1	464	0.05	0.005	300
462	1	465	0.05	0.005	300
463	1	466	0.05	0.005	300
464	1	467	0.05	0.005	300
465	1	468	0.05	0.005	300
466	1	469	0.05	0.005	300
467	1	470	0.05	0.005	300
468	1	471	0.05	0.005	300
469	1	472	0.05	0.005	300
470	1	473	0.05	0.005	300
471	1	474	0.05	0.005	300
472	1	475	0.05	0.005	300
473	1	476	0.05	0.005	300
474	1	477	0.05	0.005	300
475	1	478	0.05	0.005	300
476	1	479	0.05	0.005	300
477	1	480	0.05	0.005	300
478	1	481	0.05	0.005	300
479	1	482	0.05	0.005	300
480	1	483	0.05	0.005	300
481	1	484	0.05	0.005	300
482	1	485	0.05	0.005	300
483	1	486	0.05	0.005	300
484	1	487	0.05	0.005	300
485	1	488	0.05	0.005	300
486	1	489	0.05	0.005	300
487	1	490	0.05	0.005	300
488	1	491	0.05	0.005	300
489	1	492	0.05	0.005	300
490	1	493	0.05	0.005	300
491	1	494	0.05	0.005	300
492	1	495	0.05	0.005	300
493	1	496	0.05	0.005	300
494	1	497	0.05	0.005	300
495	1	498	0.05	0.005	300
496	1	499	0.05	0.005	300
497	1	500	0.05	0.005	300
498	1	501	0.05	0.005	300
499	1	502	0.05	0.005	300
500	1	503	0.05	0.005	300
501	1	504	0.05	0.005	300
502	1	505	0.05	0.005	300
503	1	506	0.05	0.005	300
504	1	507	0.05	0.005	300
505	1	508	0.05	0.005	300
506	1	510	0.05	0.005	300
507	1	511	0.05	0.005	300
508	1	512	0.05	0.005	300
509	1	513	0.05	0.005	300
510	1	514	0.05	0.005	300
511	1	515	0.05	0.005	300
512	1	516	0.05	0.005	300
513	1	517	0.05	0.005	300
514	1	520	0.05	0.005	300
515	1	521	0.05	0.005	300
516	1	523	0.05	0.005	300
517	1	524	0.05	0.005	300
518	1	525	0.05	0.005	300
519	1	526	0.05	0.005	300
520	1	527	0.05	0.005	300
521	1	528	0.05	0.005	300
522	1	529	0.05	0.005	300
523	1	530	0.05	0.005	300
524	1	531	0.05	0.005	300
525	1	532	0.05	0.005	300
526	1	533	0.05	0.005	300
527	1	534	0.05	0.005	300
528	1	535	0.05	0.005	300
529	1	536	0.05	0.005	300
530	1	539	0.05	0.005	300
531	1	540	0.05	0.005	300
532	1	541	0.05	0.005	300
533	1	542	0.05	0.005	300
534	1	543	0.05	0.005	300
535	1	544	0.05	0.005	300
536	1	545	0.05	0.005	300
537	1	546	0.05	0.005	300
538	1	547	0.05	0.005	300
539	1	548	0.05	0.005	300
540	1	549	0.05	0.005	300
541	1	550	0.05	0.005	300
542	1	551	0.05	0.005	300
543	1	552	0.05	0.005	300
544	1	553	0.05	0.005	300
545	1	554	0.05	0.005	300
546	1	555	0.05	0.005	300
547	1	556	0.05	0.005	300
548	1	557	0.05	0.005	300
549	1	558	0.05	0.005	300
550	1	559	0.05	0.005	300
551	1	560	0.05	0.005	300
552	1	561	0.05	0.005	300
553	1	562	0.05	0.005	300
554	1	563	0.05	0.005	300
555	1	564	0.05	0.005	300
556	1	565	0.05	0.005	300
557	1	566	0.05	0.005	300
558	1	567	0.05	0.005	300
559	1	568	0.05	0.005	300
560	1	569	0.05	0.005	300
561	1	570	0.05	0.005	300
562	1	571	0.05	0.005	300
563	1	572	0.05	0.005	300
564	1	573	0.05	0.005	300
565	1	574	0.05	0.005	300
566	1	575	0.05	0.005	300
567	1	576	0.05	0.005	300
568	1	577	0.05	0.005	300
569	1	578	0.05	0.005	300
570	1	579	0.05	0.005	300
571	1	580	0.05	0.005	300
572	1	581	0.05	0.005	300
573	1	582	0.05	0.005	300
574	1	583	0.05	0.005	300
575	1	584	0.05	0.005	300
576	1	585	0.05	0.005	300
577	1	586	0.05	0.005	300
578	1	587	0.05	0.005	300
579	1	588	0.05	0.005	300
580	1	589	0.05	0.005	300
581	1	590	0.05	0.005	300
582	1	591	0.05	0.005	300
583	1	592	0.05	0.005	300
584	1	593	0.05	0.005	300
585	1	594	0.05	0.005	300
586	1	595	0.05	0.005	300
587	1	596	0.05	0.005	300
588	1	597	0.05	0.005	300
589	1	598	0.05	0.005	300
590	1	599	0.05	0.005	300
591	1	600	0.05	0.005	300
592	1	601	0.05	0.005	300
593	1	602	0.05	0.005	300
594	1	603	0.05	0.005	300
595	1	604	0.05	0.005	300
596	1	605	0.05	0.005	300
597	1	606	0.05	0.005	300
598	1	607	0.05	0.005	300
599	1	608	0.05	0.005	300
600	1	609	0.05	0.005	300
601	1	610	0.05	0.005	300
602	1	611	0.05	0.005	300
603	1	612	0.05	0.005	300
604	1	613	0.05	0.005	300
605	1	614	0.05	0.005	300
606	1	616	0.05	0.005	300
607	1	617	0.05	0.005	300
608	1	618	0.05	0.005	300
609	1	619	0.05	0.005	300
610	1	620	0.05	0.005	300
611	1	621	0.05	0.005	300
612	1	622	0.05	0.005	300
613	1	623	0.05	0.005	300
614	1	624	0.05	0.005	300
615	1	625	0.05	0.005	300
616	1	626	0.05	0.005	300
617	1	627	0.05	0.005	300
618	1	629	0.05	0.005	300
619	1	630	0.05	0.005	300
620	1	631	0.05	0.005	300
621	1	632	0.05	0.005	300
622	1	633	0.05	0.005	300
623	1	634	0.05	0.005	300
624	1	635	0.05	0.005	300
625	1	636	0.05	0.005	300
626	1	637	0.05	0.005	300
627	1	638	0.05	0.005	300
628	1	639	0.05	0.005	300
629	1	640	0.05	0.005	300
630	1	641	0.05	0.005	300
631	1	642	0.05	0.005	300
632	1	643	0.05	0.005	300
633	1	644	0.05	0.005	300
634	1	645	0.05	0.005	300
635	1	646	0.05	0.005	300
636	1	647	0.05	0.005	300
637	1	648	0.05	0.005	300
638	1	649	0.05	0.005	300
639	1	650	0.05	0.005	300
640	1	651	0.05	0.005	300
641	1	652	0.05	0.005	300
642	1	653	0.05	0.005	300
643	1	654	0.05	0.005	300
644	1	655	0.05	0.005	300
645	1	656	0.05	0.005	300
646	1	657	0.05	0.005	300
647	1	658	0.05	0.005	300
648	1	659	0.05	0.005	300
649	1	660	0.05	0.005	300
650	1	661	0.05	0.005	300
651	1	662	0.05	0.005	300
652	1	663	0.05	0.005	300
653	1	664	0.05	0.005	300
654	1	665	0.05	0.005	300
655	1	666	0.05	0.005	300
656	1	667	0.05	0.005	300
657	1	668	0.05	0.005	300
658	1	669	0.05	0.005	300
659	1	670	0.05	0.005	300
660	1	671	0.05	0.005	300
661	1	672	0.05	0.005	300
662	1	673	0.05	0.005	300
663	1	674	0.05	0.005	300
664	1	675	0.05	0.005	300
665	1	676	0.05	0.005	300
666	1	677	0.05	0.005	300
667	1	678	0.05	0.005	300
668	1	679	0.05	0.005	300
669	1	680	0.05	0.005	300
670	1	681	0.05	0.005	300
671	1	682	0.05	0.005	300
672	1	683	0.05	0.005	300
673	1	684	0.05	0.005	300
674	1	685	0.05	0.005	300
675	1	686	0.05	0.005	300
676	1	687	0.05	0.005	300
677	1	688	0.05	0.005	300
678	1	689	0.05	0.005	300
679	1	690	0.05	0.005	300
680	1	691	0.05	0.005	300
681	1	692	0.05	0.005	300
682	1	693	0.05	0.005	300
683	1	694	0.05	0.005	300
684	1	695	0.05	0.005	300
685	1	696	0.05	0.005	300
686	1	697	0.05	0.005	300
687	1	698	0.05	0.005	300
688	1	699	0.05	0.005	300
689	1	700	0.05	0.005	300
690	1	701	0.05	0.005	300
691	1	702	0.05	0.005	300
692	1	703	0.05	0.005	300
693	1	704	0.05	0.005	300
694	1	705	0.05	0.005	300
695	1	706	0.05	0.005	300
696	1	707	0.05	0.005	300
697	1	708	0.05	0.005	300
698	1	709	0.05	0.005	300
699	1	710	0.05	0.005	300
700	1	711	0.05	0.005	300
701	1	712	0.05	0.005	300
702	1	713	0.05	0.005	300
703	1	714	0.05	0.005	300
704	1	715	0.05	0.005	300
705	1	716	0.05	0.005	300
706	1	717	0.05	0.005	300
707	1	718	0.05	0.005	300
708	1	719	0.05	0.005	300
709	1	720	0.05	0.005	300
710	1	721	0.05	0.005	300
711	1	722	0.05	0.005	300
712	1	723	0.05	0.005	300
713	1	724	0.05	0.005	300
714	1	725	0.05	0.005	300
715	1	726	0.05	0.005	300
716	1	727	0.05	0.005	300
717	1	728	0.05	0.005	300
718	1	729	0.05	0.005	300
719	1	730	0.05	0.005	300
720	1	731	0.05	0.005	300
721	1	732	0.05	0.005	300
722	1	733	0.05	0.005	300
723	1	734	0.05	0.005	300
724	1	735	0.05	0.005	300
725	1	736	0.05	0.005	300
726	1	737	0.05	0.005	300
727	1	738	0.05	0.005	300
728	1	739	0.05	0.005	300
729	1	740	0.05	0.005	300
730	1	741	0.05	0.005	300
731	1	742	0.05	0.005	300
732	1	743	0.05	0.005	300
733	1	744	0.05	0.005	300
734	1	745	0.05	0.005	300
735	1	746	0.05	0.005	300
736	1	747	0.05	0.005	300
737	1	748	0.05	0.005	300
738	1	749	0.05	0.005	300
739	1	750	0.05	0.005	300
740	1	751	0.05	0.005	300
741	1	752	0.05	0.005	300
742	1	753	0.05	0.005	300
743	1	754	0.05	0.005	300
744	1	755	0.05	0.005	300
745	1	756	0.05	0.005	300
746	1	757	0.05	0.005	300
747	1	758	0.05	0.005	300
748	1	759	0.05	0.005	300
749	1	760	0.05	0.005	300
750	1	761	0.05	0.005	300
751	1	762	0.05	0.005	300
752	1	763	0.05	0.005	300
753	1	764	0.05	0.005	300
754	1	765	0.05	0.005	300
755	1	766	0.05	0.005	300
756	1	767	0.05	0.005	300
757	1	768	0.05	0.005	300
758	1	769	0.05	0.005	300
759	1	770	0.05	0.005	300
760	1	771	0.05	0.005	300
761	1	772	0.05	0.005	300
762	1	773	0.05	0.005	300
763	1	774	0.05	0.005	300
764	1	775	0.05	0.005	300
765	1	776	0.05	0.005	300
766	1	777	0.05	0.005	300
767	1	778	0.05	0.005	300
768	1	779	0.05	0.005	300
769	1	780	0.05	0.005	300
770	1	781	0.05	0.005	300
771	1	782	0.05	0.005	300
772	1	783	0.05	0.005	300
773	1	784	0.05	0.005	300
774	1	785	0.05	0.005	300
775	1	786	0.05	0.005	300
776	1	787	0.05	0.005	300
777	1	788	0.05	0.005	300
778	1	789	0.05	0.005	300
779	1	790	0.05	0.005	300
780	1	791	0.05	0.005	300
781	1	792	0.05	0.005	300
782	1	793	0.05	0.005	300
783	1	794	0.05	0.005	300
784	1	795	0.05	0.005	300
785	1	796	0.05	0.005	300
786	1	797	0.05	0.005	300
787	1	798	0.05	0.005	300
788	1	799	0.05	0.005	300
789	1	800	0.05	0.005	300
790	1	801	0.05	0.005	300
791	1	802	0.05	0.005	300
792	1	803	0.05	0.005	300
793	1	804	0.05	0.005	300
794	1	805	0.05	0.005	300
795	1	806	0.05	0.005	300
796	1	807	0.05	0.005	300
797	1	808	0.05	0.005	300
798	1	809	0.05	0.005	300
799	1	810	0.05	0.005	300
800	1	811	0.05	0.005	300
801	1	812	0.05	0.005	300
802	1	813	0.05	0.005	300
803	1	814	0.05	0.005	300
804	1	815	0.05	0.005	300
805	1	816	0.05	0.005	300
806	1	817	0.05	0.005	300
807	1	818	0.05	0.005	300
808	1	819	0.05	0.005	300
809	1	820	0.05	0.005	300
810	1	821	0.05	0.005	300
811	1	822	0.05	0.005	300
812	1	823	0.05	0.005	300
813	1	824	0.05	0.005	300
814	1	825	0.05	0.005	300
815	1	826	0.05	0.005	300
816	1	827	0.05	0.005	300
817	1	828	0.05	0.005	300
818	1	829	0.05	0.005	300
819	1	830	0.05	0.005	300
820	1	831	0.05	0.005	300
821	1	832	0.05	0.005	300
822	1	833	0.05	0.005	300
823	1	834	0.05	0.005	300
824	1	835	0.05	0.005	300
825	1	836	0.05	0.005	300
826	1	837	0.05	0.005	300
827	1	838	0.05	0.005	300
828	1	839	0.05	0.005	300
829	1	840	0.05	0.005	300
830	1	841	0.05	0.005	300
831	1	842	0.05	0.005	300
832	1	843	0.05	0.005	300
833	1	844	0.05	0.005	300
834	1	845	0.05	0.005	300
835	1	846	0.05	0.005	300
836	1	847	0.05	0.005	300
837	1	848	0.05	0.005	300
838	1	849	0.05	0.005	300
839	1	850	0.05	0.005	300
840	1	851	0.05	0.005	300
841	1	852	0.05	0.005	300
842	1	853	0.05	0.005	300
843	1	854	0.05	0.005	300
844	1	855	0.05	0.005	300
845	1	856	0.05	0.005	300
846	1	857	0.05	0.005	300
847	1	858	0.05	0.005	300
848	1	859	0.05	0.005	300
849	1	860	0.05	0.005	300
850	1	861	0.05	0.005	300
851	1	862	0.05	0.005	300
852	1	863	0.05	0.005	300
853	1	864	0.05	0.005	300
854	1	865	0.05	0.005	300
855	1	866	0.05	0.005	300
856	1	867	0.05	0.005	300
857	1	868	0.05	0.005	300
858	1	869	0.05	0.005	300
859	1	870	0.05	0.005	300
860	1	871	0.05	0.005	300
861	1	872	0.05	0.005	300
862	1	873	0.05	0.005	300
863	1	874	0.05	0.005	300
864	1	875	0.05	0.005	300
865	1	876	0.05	0.005	300
866	1	877	0.05	0.005	300
867	1	878	0.05	0.005	300
868	1	879	0.05	0.005	300
869	1	880	0.05	0.005	300
870	1	881	0.05	0.005	300
871	1	882	0.05	0.005	300
872	1	883	0.05	0.005	300
873	1	884	0.05	0.005	300
874	1	885	0.05	0.005	300
875	1	886	0.05	0.005	300
876	1	887	0.05	0.005	300
877	1	888	0.05	0.005	300
878	1	889	0.05	0.005	300
879	1	890	0.05	0.005	300
880	1	891	0.05	0.005	300
881	1	892	0.05	0.005	300
882	1	893	0.05	0.005	300
883	1	894	0.05	0.005	300
884	1	895	0.05	0.005	300
885	1	896	0.05	0.005	300
886	1	897	0.05	0.005	300
887	1	898	0.05	0.005	300
888	1	899	0.05	0.005	300
889	1	900	0.05	0.005	300
890	1	901	0.05	0.005	300
891	1	902	0.05	0.005	300
892	1	903	0.05	0.005	300
893	1	904	0.05	0.005	300
894	1	905	0.05	0.005	300
895	1	906	0.05	0.005	300
896	1	907	0.05	0.005	300
897	1	908	0.05	0.005	300
898	1	909	0.05	0.005	300
899	1	910	0.05	0.005	300
900	1	911	0.05	0.005	300
901	1	912	0.05	0.005	300
902	1	913	0.05	0.005	300
903	1	914	0.05	0.005	300
904	1	915	0.05	0.005	300
905	1	916	0.05	0.005	300
906	1	917	0.05	0.005	300
907	1	918	0.05	0.005	300
908	1	919	0.05	0.005	300
909	1	921	0.05	0.005	300
910	1	922	0.05	0.005	300
911	1	923	0.05	0.005	300
912	1	924	0.05	0.005	300
913	1	925	0.05	0.005	300
914	1	926	0.05	0.005	300
915	1	927	0.05	0.005	300
916	1	928	0.05	0.005	300
917	1	929	0.05	0.005	300
918	1	930	0.05	0.005	300
919	1	931	0.05	0.005	300
920	1	932	0.05	0.005	300
921	1	933	0.05	0.005	300
922	1	934	0.05	0.005	300
923	1	935	0.05	0.005	300
924	1	936	0.05	0.005	300
925	1	937	0.05	0.005	300
926	1	938	0.05	0.005	300
927	1	939	0.05	0.005	300
928	1	940	0.05	0.005	300
929	1	941	0.05	0.005	300
930	1	942	0.05	0.005	300
931	1	943	0.05	0.005	300
932	1	944	0.05	0.005	300
933	1	945	0.05	0.005	300
934	1	946	0.05	0.005	300
935	1	947	0.05	0.005	300
936	1	948	0.05	0.005	300
937	1	949	0.05	0.005	300
938	1	950	0.05	0.005	300
939	1	951	0.05	0.005	300
940	1	952	0.05	0.005	300
941	1	953	0.05	0.005	300
942	1	954	0.05	0.005	300
943	1	955	0.05	0.005	300
944	1	956	0.05	0.005	300
945	1	957	0.05	0.005	300
946	1	958	0.05	0.005	300
947	1	959	0.05	0.005	300
948	1	960	0.05	0.005	300
949	1	961	0.05	0.005	300
950	1	962	0.05	0.005	300
951	1	963	0.05	0.005	300
952	1	964	0.05	0.005	300
953	1	965	0.05	0.005	300
954	1	966	0.05	0.005	300
955	1	967	0.05	0.005	300
956	1	968	0.05	0.005	300
957	1	969	0.05	0.005	300
958	1	970	0.05	0.005	300
959	1	971	0.05	0.005	300
960	1	972	0.05	0.005	300
961	1	973	0.05	0.005	300
962	1	974	0.05	0.005	300
963	1	975	0.05	0.005	300
964	1	976	0.05	0.005	300
965	1	977	0.05	0.005	300
966	1	978	0.05	0.005	300
967	1	979	0.05	0.005	300
968	1	980	0.05	0.005	300
969	1	981	0.05	0.005	300
970	1	982	0.05	0.005	300
971	1	983	0.05	0.005	300
972	1	984	0.05	0.005	300
973	1	985	0.05	0.005	300
974	1	986	0.05	0.005	300
975	1	987	0.05	0.005	300
976	1	988	0.05	0.005	300
977	1	989	0.05	0.005	300
978	1	990	0.05	0.005	300
979	1	992	0.05	0.005	300
980	1	993	0.05	0.005	300
981	1	994	0.05	0.005	300
982	1	995	0.05	0.005	300
983	1	996	0.05	0.005	300
984	1	997	0.05	0.005	300
985	1	998	0.05	0.005	300
986	1	999	0.05	0.005	300
987	1	1000	0.05	0.005	300
988	1	1001	0.05	0.005	300
989	1	1002	0.05	0.005	300
990	1	1003	0.05	0.005	300
991	1	1004	0.05	0.005	300
992	1	1005	0.05	0.005	300
993	1	1006	0.05	0.005	300
994	1	1007	0.05	0.005	300
995	1	1008	0.05	0.005	300
996	1	1009	0.05	0.005	300
997	1	1010	0.05	0.005	300
998	1	1011	0.05	0.005	300
999	1	1012	0.05	0.005	300
1000	1	1013	0.05	0.005	300
1001	1	1014	0.05	0.005	300
1002	1	1015	0.05	0.005	300
1003	1	1016	0.05	0.005	300
1004	1	1017	0.05	0.005	300
1005	1	1018	0.05	0.005	300
1006	1	1019	0.05	0.005	300
1007	1	1020	0.05	0.005	300
1008	1	1021	0.05	0.005	300
1009	1	1022	0.05	0.005	300
1010	1	1023	0.05	0.005	300
1011	1	1024	0.05	0.005	300
1012	1	1025	0.05	0.005	300
1013	1	1026	0.05	0.005	300
1014	1	1027	0.05	0.005	300
1015	1	1028	0.05	0.005	300
1016	1	1029	0.05	0.005	300
1017	1	1030	0.05	0.005	300
1018	1	1031	0.05	0.005	300
1019	1	1032	0.05	0.005	300
1020	1	1033	0.05	0.005	300
1021	1	1034	0.05	0.005	300
1022	1	1035	0.05	0.005	300
1023	1	1036	0.05	0.005	300
1024	1	1037	0.05	0.005	300
1025	1	1038	0.05	0.005	300
1026	1	1040	0.05	0.005	300
1027	1	1041	0.05	0.005	300
1028	1	1042	0.05	0.005	300
1029	1	1043	0.05	0.005	300
1030	1	1044	0.05	0.005	300
1031	1	1045	0.05	0.005	300
1032	1	1046	0.05	0.005	300
1033	1	1047	0.05	0.005	300
1034	1	1048	0.05	0.005	300
1035	1	1049	0.05	0.005	300
1036	1	1050	0.05	0.005	300
1037	1	1051	0.05	0.005	300
1038	1	1052	0.05	0.005	300
1039	1	1053	0.05	0.005	300
1040	1	1054	0.05	0.005	300
1041	1	1055	0.05	0.005	300
1042	1	1056	0.05	0.005	300
1043	1	1057	0.05	0.005	300
1044	1	1058	0.05	0.005	300
1045	1	1059	0.05	0.005	300
1046	1	1060	0.05	0.005	300
1047	1	1061	0.05	0.005	300
1048	1	1062	0.05	0.005	300
1049	1	1063	0.05	0.005	300
1050	1	1064	0.05	0.005	300
1051	1	1065	0.05	0.005	300
1052	1	1066	0.05	0.005	300
1053	1	1067	0.05	0.005	300
1054	1	1068	0.05	0.005	300
1055	1	1069	0.05	0.005	300
1056	1	1070	0.05	0.005	300
1057	1	1071	0.05	0.005	300
1058	1	1072	0.05	0.005	300
1059	1	1073	0.05	0.005	300
1060	1	1074	0.05	0.005	300
1061	1	1075	0.05	0.005	300
1062	1	1076	0.05	0.005	300
1063	1	1077	0.05	0.005	300
1064	1	1078	0.05	0.005	300
1065	1	1079	0.05	0.005	300
1066	1	1080	0.05	0.005	300
1067	1	1081	0.05	0.005	300
1068	1	1082	0.05	0.005	300
1069	1	1083	0.05	0.005	300
1070	1	1084	0.05	0.005	300
1071	1	1085	0.05	0.005	300
1072	1	1086	0.05	0.005	300
1073	1	1087	0.05	0.005	300
1074	1	1088	0.05	0.005	300
1075	1	1089	0.05	0.005	300
1076	1	1090	0.05	0.005	300
1077	1	1091	0.05	0.005	300
1078	1	1092	0.05	0.005	300
1079	1	1093	0.05	0.005	300
1080	1	1094	0.05	0.005	300
1081	1	1095	0.05	0.005	300
1082	1	1096	0.05	0.005	300
1083	1	1097	0.05	0.005	300
1084	1	1098	0.05	0.005	300
1085	1	1099	0.05	0.005	300
1086	1	1100	0.05	0.005	300
1087	1	1101	0.05	0.005	300
1088	1	1102	0.05	0.005	300
1089	1	1103	0.05	0.005	300
1090	1	1104	0.05	0.005	300
1091	1	1105	0.05	0.005	300
1092	1	1106	0.05	0.005	300
1093	1	1107	0.05	0.005	300
1094	1	1108	0.05	0.005	300
1095	1	1109	0.05	0.005	300
1096	1	1110	0.05	0.005	300
1097	1	1111	0.05	0.005	300
1098	1	1112	0.05	0.005	300
1099	1	1113	0.05	0.005	300
1100	1	1114	0.05	0.005	300
1101	1	1115	0.05	0.005	300
1102	1	1116	0.05	0.005	300
1103	1	1117	0.05	0.005	300
1104	1	1118	0.05	0.005	300
1105	1	1119	0.05	0.005	300
1106	1	1120	0.05	0.005	300
1107	1	1121	0.05	0.005	300
1108	1	1122	0.05	0.005	300
1109	1	1123	0.05	0.005	300
1110	1	1124	0.05	0.005	300
1111	1	1125	0.05	0.005	300
1112	1	1126	0.05	0.005	300
1113	1	1127	0.05	0.005	300
1114	1	1128	0.05	0.005	300
1115	1	1129	0.05	0.005	300
1116	1	1130	0.05	0.005	300
1117	1	1131	0.05	0.005	300
1118	1	1132	0.05	0.005	300
1119	1	1133	0.05	0.005	300
1120	1	1134	0.05	0.005	300
1121	1	1135	0.05	0.005	300
1122	1	1136	0.05	0.005	300
1123	1	1137	0.05	0.005	300
1124	1	1138	0.05	0.005	300
1125	1	1139	0.05	0.005	300
1126	1	1140	0.05	0.005	300
1127	1	1141	0.05	0.005	300
1128	1	1142	0.05	0.005	300
1129	1	1143	0.05	0.005	300
1130	1	1144	0.05	0.005	300
1131	1	1145	0.05	0.005	300
1132	1	1146	0.05	0.005	300
1133	1	1147	0.05	0.005	300
1134	1	1148	0.05	0.005	300
1135	1	1149	0.05	0.005	300
1136	1	1150	0.05	0.005	300
1137	1	1151	0.05	0.005	300
1138	1	1152	0.05	0.005	300
1139	1	1153	0.05	0.005	300
1140	1	1154	0.05	0.005	300
1141	1	1155	0.05	0.005	300
1142	1	1156	0.05	0.005	300
1143	1	1157	0.05	0.005	300
1144	1	1158	0.05	0.005	300
1145	1	1159	0.05	0.005	300
1146	1	1160	0.05	0.005	300
1147	1	1161	0.05	0.005	300
1148	1	1162	0.05	0.005	300
1149	1	1163	0.05	0.005	300
1150	1	1164	0.05	0.005	300
1151	1	1165	0.05	0.005	300
1152	1	1166	0.05	0.005	300
1153	1	1167	0.05	0.005	300
1154	1	1168	0.05	0.005	300
1155	1	1169	0.05	0.005	300
1156	1	1170	0.05	0.005	300
1157	1	1171	0.05	0.005	300
1158	1	1172	0.05	0.005	300
1159	1	1173	0.05	0.005	300
1160	1	1174	0.05	0.005	300
1161	1	1175	0.05	0.005	300
1162	1	1176	0.05	0.005	300
1163	1	1177	0.05	0.005	300
1164	1	1178	0.05	0.005	300
1165	1	1179	0.05	0.005	300
1166	1	1180	0.05	0.005	300
1167	1	1181	0.05	0.005	300
1168	1	1182	0.05	0.005	300
1169	1	1183	0.05	0.005	300
1170	1	1184	0.05	0.005	300
1171	1	1185	0.05	0.005	300
1172	1	1186	0.05	0.005	300
1173	1	1187	0.05	0.005	300
1174	1	1188	0.05	0.005	300
1175	1	1189	0.05	0.005	300
1176	1	1190	0.05	0.005	300
1177	1	1191	0.05	0.005	300
1178	1	1192	0.05	0.005	300
1179	1	1193	0.05	0.005	300
1180	1	1194	0.05	0.005	300
1181	1	1195	0.05	0.005	300
1182	1	1196	0.05	0.005	300
1183	1	1197	0.05	0.005	300
1184	1	1198	0.05	0.005	300
1185	1	1199	0.05	0.005	300
1186	1	1200	0.05	0.005	300
1187	1	1201	0.05	0.005	300
1188	1	1202	0.05	0.005	300
1189	1	1203	0.05	0.005	300
1190	1	1204	0.05	0.005	300
1191	1	1205	0.05	0.005	300
1192	1	1206	0.05	0.005	300
1193	1	1207	0.05	0.005	300
1194	1	1208	0.05	0.005	300
1195	1	1209	0.05	0.005	300
1196	1	1210	0.05	0.005	300
1197	1	1211	0.05	0.005	300
1198	1	1212	0.05	0.005	300
1199	1	1213	0.05	0.005	300
1200	1	1214	0.05	0.005	300
1201	1	1215	0.05	0.005	300
1202	1	1216	0.05	0.005	300
1203	1	1217	0.05	0.005	300
1204	1	1218	0.05	0.005	300
1205	1	1219	0.05	0.005	300
1206	1	1220	0.05	0.005	300
1207	1	1221	0.05	0.005	300
1208	1	1222	0.05	0.005	300
1209	1	1223	0.05	0.005	300
1210	1	1224	0.05	0.005	300
1211	1	1225	0.05	0.005	300
1212	1	1226	0.05	0.005	300
1213	1	1227	0.05	0.005	300
1214	1	1228	0.05	0.005	300
1215	1	1229	0.05	0.005	300
1216	1	1230	0.05	0.005	300
1217	1	1231	0.05	0.005	300
1218	1	1232	0.05	0.005	300
1219	1	1233	0.05	0.005	300
1220	1	1234	0.05	0.005	300
1221	1	1235	0.05	0.005	300
1222	1	1236	0.05	0.005	300
1223	1	1237	0.05	0.005	300
1224	1	1238	0.05	0.005	300
1225	1	1239	0.05	0.005	300
1226	1	1240	0.05	0.005	300
1227	1	1241	0.05	0.005	300
1228	1	1242	0.05	0.005	300
1229	1	1243	0.05	0.005	300
1230	1	1244	0.05	0.005	300
1231	1	1245	0.05	0.005	300
1232	1	1246	0.05	0.005	300
1233	1	1247	0.05	0.005	300
1234	1	1248	0.05	0.005	300
1235	1	1249	0.05	0.005	300
1236	1	1250	0.05	0.005	300
1237	1	1251	0.05	0.005	300
1238	1	1252	0.05	0.005	300
1239	1	1253	0.05	0.005	300
1240	1	1254	0.05	0.005	300
1241	1	1255	0.05	0.005	300
1242	1	1256	0.05	0.005	300
1243	1	1257	0.05	0.005	300
1244	1	1258	0.05	0.005	300
1245	1	1259	0.05	0.005	300
1246	1	1260	0.05	0.005	300
1247	1	1261	0.05	0.005	300
1248	1	1262	0.05	0.005	300
1249	1	1263	0.05	0.005	300
1250	1	1264	0.05	0.005	300
1251	1	1265	0.05	0.005	300
1252	1	1266	0.05	0.005	300
1253	1	1267	0.05	0.005	300
1254	1	1268	0.05	0.005	300
1255	1	1269	0.05	0.005	300
1256	1	1270	0.05	0.005	300
1257	1	1271	0.05	0.005	300
1258	1	1272	0.05	0.005	300
1259	1	1273	0.05	0.005	300
1260	1	1274	0.05	0.005	300
1261	1	1275	0.05	0.005	300
1262	1	1276	0.05	0.005	300
1263	1	1277	0.05	0.005	300
1264	1	1278	0.05	0.005	300
1265	1	1279	0.05	0.005	300
1266	1	1280	0.05	0.005	300
1267	1	1281	0.05	0.005	300
1268	1	1282	0.05	0.005	300
1269	1	1283	0.05	0.005	300
1270	1	1284	0.05	0.005	300
1271	1	1285	0.05	0.005	300
1272	1	1286	0.05	0.005	300
1273	1	1287	0.05	0.005	300
1274	1	1288	0.05	0.005	300
1275	1	1289	0.05	0.005	300
1276	1	1290	0.05	0.005	300
1277	1	1291	0.05	0.005	300
1278	1	1292	0.05	0.005	300
1279	1	1293	0.05	0.005	300
1280	1	1294	0.05	0.005	300
1281	1	1295	0.05	0.005	300
1282	1	1296	0.05	0.005	300
1283	1	1297	0.05	0.005	300
1284	1	1298	0.05	0.005	300
1285	1	1299	0.05	0.005	300
1286	1	1300	0.05	0.005	300
1287	1	1301	0.05	0.005	300
1288	1	1302	0.05	0.005	300
1289	1	1303	0.05	0.005	300
1290	1	1304	0.05	0.005	300
1291	1	1305	0.05	0.005	300
1292	1	1306	0.05	0.005	300
1293	1	1307	0.05	0.005	300
1294	1	1308	0.05	0.005	300
1295	1	1309	0.05	0.005	300
1296	1	1310	0.05	0.005	300
1297	1	1311	0.05	0.005	300
1298	1	1312	0.05	0.005	300
1299	1	1313	0.05	0.005	300
1300	1	1314	0.05	0.005	300
1301	1	1315	0.05	0.005	300
1302	1	1316	0.05	0.005	300
1303	1	1317	0.05	0.005	300
1304	1	1318	0.05	0.005	300
1305	1	1319	0.05	0.005	300
1306	1	1320	0.05	0.005	300
1307	1	1321	0.05	0.005	300
1308	1	1322	0.05	0.005	300
1309	1	1323	0.05	0.005	300
1310	1	1324	0.05	0.005	300
1311	1	1325	0.05	0.005	300
1312	1	1326	0.05	0.005	300
1313	1	1327	0.05	0.005	300
1314	1	1328	0.05	0.005	300
1315	1	1329	0.05	0.005	300
1316	1	1330	0.05	0.005	300
1317	1	1331	0.05	0.005	300
1318	1	1332	0.05	0.005	300
1319	1	1333	0.05	0.005	300
1320	1	1334	0.05	0.005	300
1321	1	1335	0.05	0.005	300
1322	1	1336	0.05	0.005	300
1323	1	1337	0.05	0.005	300
1324	1	1338	0.05	0.005	300
1325	1	1339	0.05	0.005	300
1326	1	1340	0.05	0.005	300
1327	1	1341	0.05	0.005	300
1328	1	1342	0.05	0.005	300
1329	1	1343	0.05	0.005	300
1330	1	1344	0.05	0.005	300
1331	1	1345	0.05	0.005	300
1332	1	1346	0.05	0.005	300
1333	1	1347	0.05	0.005	300
1334	1	1348	0.05	0.005	300
1335	1	1349	0.05	0.005	300
1336	1	1350	0.05	0.005	300
1337	1	1351	0.05	0.005	300
1338	1	1352	0.05	0.005	300
1339	1	1353	0.05	0.005	300
1340	1	1354	0.05	0.005	300
1341	1	1355	0.05	0.005	300
1342	1	1356	0.05	0.005	300
1343	1	1357	0.05	0.005	300
1344	1	1358	0.05	0.005	300
1345	1	1359	0.05	0.005	300
1346	1	1360	0.05	0.005	300
1347	1	1361	0.05	0.005	300
1348	1	1362	0.05	0.005	300
1349	1	1363	0.05	0.005	300
1350	1	1364	0.05	0.005	300
1351	1	1365	0.05	0.005	300
1352	1	1366	0.05	0.005	300
1353	1	1367	0.05	0.005	300
1354	1	1368	0.05	0.005	300
1355	1	1369	0.05	0.005	300
1356	1	1370	0.05	0.005	300
1357	1	1371	0.05	0.005	300
1358	1	1372	0.05	0.005	300
1359	1	1373	0.05	0.005	300
1360	1	1374	0.05	0.005	300
1361	1	1375	0.05	0.005	300
1362	1	1376	0.05	0.005	300
1363	1	1377	0.05	0.005	300
1364	1	1378	0.05	0.005	300
1365	1	1379	0.05	0.005	300
1366	1	1380	0.05	0.005	300
1367	1	1381	0.05	0.005	300
1368	1	1382	0.05	0.005	300
1369	1	1383	0.05	0.005	300
1370	1	1384	0.05	0.005	300
1371	1	1385	0.05	0.005	300
1372	1	1386	0.05	0.005	300
1373	1	1387	0.05	0.005	300
1374	1	1388	0.05	0.005	300
1375	1	1389	0.05	0.005	300
1376	1	1390	0.05	0.005	300
1377	1	1391	0.05	0.005	300
1378	1	1392	0.05	0.005	300
1379	1	1393	0.05	0.005	300
1380	1	1394	0.05	0.005	300
1381	1	1395	0.05	0.005	300
1382	1	1396	0.05	0.005	300
1383	1	1397	0.05	0.005	300
1384	1	1398	0.05	0.005	300
1385	1	1399	0.05	0.005	300
1386	1	1400	0.05	0.005	300
1387	1	1401	0.05	0.005	300
1388	1	1402	0.05	0.005	300
1389	1	1403	0.05	0.005	300
1390	1	1404	0.05	0.005	300
1391	1	1406	0.05	0.005	300
1392	1	1407	0.05	0.005	300
1393	1	1408	0.05	0.005	300
1394	1	1409	0.05	0.005	300
1395	1	1410	0.05	0.005	300
1396	1	1411	0.05	0.005	300
1397	1	1412	0.05	0.005	300
1398	1	1413	0.05	0.005	300
1399	1	1414	0.05	0.005	300
1400	1	1415	0.05	0.005	300
1401	1	1416	0.05	0.005	300
1402	1	1417	0.05	0.005	300
1403	1	1418	0.05	0.005	300
1404	1	1419	0.05	0.005	300
1405	1	1420	0.05	0.005	300
1406	1	1421	0.05	0.005	300
1407	1	1422	0.05	0.005	300
1408	1	1423	0.05	0.005	300
1409	1	1424	0.05	0.005	300
1410	1	1425	0.05	0.005	300
1411	1	1426	0.05	0.005	300
1412	1	1427	0.05	0.005	300
1413	1	1428	0.05	0.005	300
1414	1	1429	0.05	0.005	300
1415	1	1430	0.05	0.005	300
1416	1	1431	0.05	0.005	300
1417	1	1432	0.05	0.005	300
1418	1	1433	0.05	0.005	300
1419	1	1434	0.05	0.005	300
1420	1	1435	0.05	0.005	300
1421	1	1436	0.05	0.005	300
1422	1	1437	0.05	0.005	300
1423	1	1438	0.05	0.005	300
1424	1	1439	0.05	0.005	300
1425	1	1440	0.05	0.005	300
1426	1	1441	0.05	0.005	300
1427	1	1442	0.05	0.005	300
1428	1	1443	0.05	0.005	300
1429	1	1444	0.05	0.005	300
1430	1	1445	0.05	0.005	300
1431	1	1446	0.05	0.005	300
1432	1	1447	0.05	0.005	300
1433	1	1448	0.05	0.005	300
1434	1	1449	0.05	0.005	300
1435	1	1450	0.05	0.005	300
1436	1	1451	0.05	0.005	300
1437	1	1452	0.05	0.005	300
1438	1	1453	0.05	0.005	300
1439	1	1454	0.05	0.005	300
1440	1	1457	0.05	0.005	300
1441	1	1458	0.05	0.005	300
1442	1	1459	0.05	0.005	300
1443	1	1460	0.05	0.005	300
1444	1	1461	0.05	0.005	300
1445	1	1462	0.05	0.005	300
1446	1	1463	0.05	0.005	300
1447	1	1464	0.05	0.005	300
1448	1	1465	0.05	0.005	300
1449	1	1466	0.05	0.005	300
1450	1	1467	0.05	0.005	300
1451	1	1468	0.05	0.005	300
1452	1	1469	0.05	0.005	300
1453	1	1470	0.05	0.005	300
1454	1	1471	0.05	0.005	300
1455	1	1472	0.05	0.005	300
1456	1	1473	0.05	0.005	300
1457	1	1474	0.05	0.005	300
1458	1	1475	0.05	0.005	300
1459	1	1476	0.05	0.005	300
1460	1	1477	0.05	0.005	300
1461	1	1478	0.05	0.005	300
1462	1	1479	0.05	0.005	300
1463	1	1480	0.05	0.005	300
1464	1	1481	0.05	0.005	300
1465	1	1482	0.05	0.005	300
1466	1	1483	0.05	0.005	300
1467	1	1484	0.05	0.005	300
1468	1	1485	0.05	0.005	300
1469	1	1486	0.05	0.005	300
1470	1	1487	0.05	0.005	300
1471	1	1489	0.05	0.005	300
1472	1	1490	0.05	0.005	300
1473	1	1491	0.05	0.005	300
1474	1	1492	0.05	0.005	300
1475	1	1493	0.05	0.005	300
1476	1	1494	0.05	0.005	300
1477	1	1495	0.05	0.005	300
1478	1	1496	0.05	0.005	300
1479	1	1497	0.05	0.005	300
1480	1	1498	0.05	0.005	300
1481	1	1499	0.05	0.005	300
1482	1	1500	0.05	0.005	300
1483	1	1501	0.05	0.005	300
1484	1	1502	0.05	0.005	300
1485	1	1503	0.05	0.005	300
1486	1	1504	0.05	0.005	300
1487	1	1505	0.05	0.005	300
1488	1	1506	0.05	0.005	300
1489	1	1507	0.05	0.005	300
1490	1	1508	0.05	0.005	300
1491	1	1509	0.05	0.005	300
1492	1	1510	0.05	0.005	300
1493	1	1511	0.05	0.005	300
1494	1	1512	0.05	0.005	300
1495	1	1513	0.05	0.005	300
1496	1	1514	0.05	0.005	300
1497	1	1515	0.05	0.005	300
1498	1	1516	0.05	0.005	300
1499	1	1517	0.05	0.005	300
1500	1	1518	0.05	0.005	300
1501	1	1519	0.05	0.005	300
1502	1	1520	0.05	0.005	300
1503	1	1521	0.05	0.005	300
1504	1	1522	0.05	0.005	300
1505	1	1523	0.05	0.005	300
1506	1	1524	0.05	0.005	300
1507	1	1525	0.05	0.005	300
1508	1	1526	0.05	0.005	300
1509	1	1527	0.05	0.005	300
1510	1	1528	0.05	0.005	300
1511	1	1529	0.05	0.005	300
1512	1	1530	0.05	0.005	300
1513	1	1531	0.05	0.005	300
1514	1	1532	0.05	0.005	300
1515	1	1533	0.05	0.005	300
1516	1	1534	0.05	0.005	300
1517	1	1535	0.05	0.005	300
1518	1	1536	0.05	0.005	300
1519	1	1537	0.05	0.005	300
1520	1	1538	0.05	0.005	300
1521	1	1539	0.05	0.005	300
1522	1	1540	0.05	0.005	300
1523	1	1541	0.05	0.005	300
1524	1	1542	0.05	0.005	300
1525	1	1543	0.05	0.005	300
1526	1	1544	0.05	0.005	300
1527	1	1545	0.05	0.005	300
1528	1	1546	0.05	0.005	300
1529	1	1547	0.05	0.005	300
1530	1	1548	0.05	0.005	300
1531	1	1549	0.05	0.005	300
1532	1	1550	0.05	0.005	300
1533	1	1551	0.05	0.005	300
1534	1	1552	0.05	0.005	300
1535	1	1553	0.05	0.005	300
1536	1	1554	0.05	0.005	300
1537	1	1555	0.05	0.005	300
1538	1	1556	0.05	0.005	300
1539	1	1557	0.05	0.005	300
1540	1	1558	0.05	0.005	300
1541	1	1559	0.05	0.005	300
1542	1	1560	0.05	0.005	300
1543	1	1561	0.05	0.005	300
1544	1	1562	0.05	0.005	300
1545	1	1563	0.05	0.005	300
1546	1	1564	0.05	0.005	300
1547	1	1565	0.05	0.005	300
1548	1	1566	0.05	0.005	300
1549	1	1567	0.05	0.005	300
1550	1	1568	0.05	0.005	300
1551	1	1569	0.05	0.005	300
1552	1	1570	0.05	0.005	300
1553	1	1571	0.05	0.005	300
1554	1	1572	0.05	0.005	300
1555	1	1573	0.05	0.005	300
1556	1	1574	0.05	0.005	300
1557	1	1575	0.05	0.005	300
1558	1	1576	0.05	0.005	300
1559	1	1577	0.05	0.005	300
1560	1	1578	0.05	0.005	300
1561	1	1579	0.05	0.005	300
1562	1	1580	0.05	0.005	300
1563	1	1581	0.05	0.005	300
1564	1	1582	0.05	0.005	300
1565	1	1583	0.05	0.005	300
1566	1	1584	0.05	0.005	300
1567	1	1585	0.05	0.005	300
1568	1	1586	0.05	0.005	300
1569	1	1587	0.05	0.005	300
1570	1	1588	0.05	0.005	300
1571	1	1589	0.05	0.005	300
1572	1	1590	0.05	0.005	300
1573	1	1591	0.05	0.005	300
1574	1	1592	0.05	0.005	300
1575	1	1593	0.05	0.005	300
1576	1	1594	0.05	0.005	300
1577	1	1595	0.05	0.005	300
1578	1	1596	0.05	0.005	300
1579	1	1597	0.05	0.005	300
1580	1	1598	0.05	0.005	300
1581	1	1599	0.05	0.005	300
1582	1	1600	0.05	0.005	300
1583	1	1601	0.05	0.005	300
1584	1	1602	0.05	0.005	300
1585	1	1603	0.05	0.005	300
1586	1	1604	0.05	0.005	300
1587	1	1605	0.05	0.005	300
1588	1	1606	0.05	0.005	300
1589	1	1607	0.05	0.005	300
1590	1	1608	0.05	0.005	300
1591	1	1609	0.05	0.005	300
1592	1	1610	0.05	0.005	300
1593	1	1611	0.05	0.005	300
1594	1	1612	0.05	0.005	300
1595	1	1613	0.05	0.005	300
1596	1	1614	0.05	0.005	300
1597	1	1615	0.05	0.005	300
1598	1	1616	0.05	0.005	300
1599	1	1617	0.05	0.005	300
1600	1	1618	0.05	0.005	300
1601	1	1619	0.05	0.005	300
1602	1	1620	0.05	0.005	300
1603	1	1621	0.05	0.005	300
1604	1	1622	0.05	0.005	300
1605	1	1623	0.05	0.005	300
1606	1	1624	0.05	0.005	300
1607	1	1625	0.05	0.005	300
1608	1	1626	0.05	0.005	300
1609	1	1627	0.05	0.005	300
1610	1	1628	0.05	0.005	300
1611	1	1629	0.05	0.005	300
1612	1	1630	0.05	0.005	300
1613	1	1631	0.05	0.005	300
1614	1	1632	0.05	0.005	300
1615	1	1633	0.05	0.005	300
1616	1	1634	0.05	0.005	300
1617	1	1635	0.05	0.005	300
1618	1	1636	0.05	0.005	300
1619	1	1638	0.05	0.005	300
1620	1	1639	0.05	0.005	300
1621	1	1640	0.05	0.005	300
1622	1	1641	0.05	0.005	300
1623	1	1642	0.05	0.005	300
1624	1	1643	0.05	0.005	300
1625	1	1644	0.05	0.005	300
1626	1	1645	0.05	0.005	300
1627	1	1646	0.05	0.005	300
1628	1	1647	0.05	0.005	300
1629	1	1648	0.05	0.005	300
1630	1	1649	0.05	0.005	300
1631	1	1650	0.05	0.005	300
1632	1	1651	0.05	0.005	300
1633	1	1652	0.05	0.005	300
1634	1	1653	0.05	0.005	300
1635	1	1654	0.05	0.005	300
1636	1	1655	0.05	0.005	300
1637	1	1656	0.05	0.005	300
1638	1	1657	0.05	0.005	300
1639	1	1658	0.05	0.005	300
1640	1	1659	0.05	0.005	300
1641	1	1660	0.05	0.005	300
1642	1	1661	0.05	0.005	300
1643	1	1662	0.05	0.005	300
1644	1	1663	0.05	0.005	300
1645	1	1664	0.05	0.005	300
1646	1	1665	0.05	0.005	300
1647	1	1666	0.05	0.005	300
1648	1	1667	0.05	0.005	300
1649	1	1668	0.05	0.005	300
1650	1	1669	0.05	0.005	300
1651	1	1670	0.05	0.005	300
1652	1	1671	0.05	0.005	300
1653	1	1672	0.05	0.005	300
1654	1	1673	0.05	0.005	300
1655	1	1674	0.05	0.005	300
1656	1	1675	0.05	0.005	300
1657	1	1676	0.05	0.005	300
1658	1	1677	0.05	0.005	300
1659	1	1678	0.05	0.005	300
1660	1	1679	0.05	0.005	300
1661	1	1680	0.05	0.005	300
1662	1	1681	0.05	0.005	300
1663	1	1682	0.05	0.005	300
1664	1	1683	0.05	0.005	300
1665	1	1684	0.05	0.005	300
1666	1	1685	0.05	0.005	300
1667	1	1702	0.05	0.005	300
1668	1	1703	0.05	0.005	300
1669	1	1704	0.05	0.005	300
1670	1	1707	0.05	0.005	300
1671	1	1708	0.05	0.005	300
1672	1	1709	0.05	0.005	300
1673	1	1710	0.05	0.005	300
1674	1	1711	0.05	0.005	300
1675	1	1712	0.05	0.005	300
1676	1	1713	0.05	0.005	300
1677	1	1714	0.05	0.005	300
1678	1	1715	0.05	0.005	300
1679	1	1716	0.05	0.005	300
1680	1	1717	0.05	0.005	300
1681	1	1718	0.05	0.005	300
1682	1	1719	0.05	0.005	300
1683	1	1720	0.05	0.005	300
1684	1	1721	0.05	0.005	300
1685	1	1722	0.05	0.005	300
1686	1	1723	0.05	0.005	300
1687	1	1724	0.05	0.005	300
1688	1	1725	0.05	0.005	300
1689	1	1726	0.05	0.005	300
1690	1	1727	0.05	0.005	300
1691	1	1728	0.05	0.005	300
1692	1	1729	0.05	0.005	300
1693	1	1730	0.05	0.005	300
1694	1	1731	0.05	0.005	300
1695	1	1732	0.05	0.005	300
1696	1	1733	0.05	0.005	300
1697	1	1734	0.05	0.005	300
1698	1	1735	0.05	0.005	300
1699	1	1736	0.05	0.005	300
1700	1	1737	0.05	0.005	300
1701	1	1738	0.05	0.005	300
1702	1	1739	0.05	0.005	300
1703	1	1740	0.05	0.005	300
1704	1	1741	0.05	0.005	300
1705	1	1742	0.05	0.005	300
1706	1	1743	0.05	0.005	300
1707	1	1744	0.05	0.005	300
1708	1	1745	0.05	0.005	300
1709	1	1746	0.05	0.005	300
1710	1	1747	0.05	0.005	300
1711	1	1748	0.05	0.005	300
1712	1	1749	0.05	0.005	300
1713	1	1750	0.05	0.005	300
1714	1	1751	0.05	0.005	300
1715	1	1752	0.05	0.005	300
1716	1	1753	0.05	0.005	300
1717	1	1754	0.05	0.005	300
1718	1	1755	0.05	0.005	300
1719	1	1756	0.05	0.005	300
1720	1	1757	0.05	0.005	300
1721	1	1758	0.05	0.005	300
1722	1	1759	0.05	0.005	300
1723	1	1760	0.05	0.005	300
1724	1	1761	0.05	0.005	300
1725	1	1762	0.05	0.005	300
1726	1	1763	0.05	0.005	300
1727	1	1764	0.05	0.005	300
1728	1	1765	0.05	0.005	300
1729	1	1766	0.05	0.005	300
1730	1	1767	0.05	0.005	300
1731	1	1768	0.05	0.005	300
1732	1	1769	0.05	0.005	300
1733	1	1770	0.05	0.005	300
1734	1	1771	0.05	0.005	300
1735	1	1772	0.05	0.005	300
1736	1	1773	0.05	0.005	300
1737	1	1774	0.05	0.005	300
1738	1	1775	0.05	0.005	300
1739	1	1776	0.05	0.005	300
1740	1	1777	0.05	0.005	300
1741	1	1778	0.05	0.005	300
1742	1	1779	0.05	0.005	300
1743	1	1780	0.05	0.005	300
1744	1	1781	0.05	0.005	300
1745	1	1782	0.05	0.005	300
1746	1	1783	0.05	0.005	300
1747	1	1784	0.05	0.005	300
1748	1	1785	0.05	0.005	300
1749	1	1786	0.05	0.005	300
1750	1	1787	0.05	0.005	300
1751	1	1788	0.05	0.005	300
1752	1	1789	0.05	0.005	300
1753	1	1790	0.05	0.005	300
1754	1	1791	0.05	0.005	300
1755	1	1792	0.05	0.005	300
1756	1	1793	0.05	0.005	300
1757	1	1794	0.05	0.005	300
1758	1	1795	0.05	0.005	300
1759	1	1796	0.05	0.005	300
1761	1	1801	0.05	0.005	300
1762	1	1802	0.05	0.005	300
1763	1	1803	0.05	0.005	300
1764	1	1804	0.05	0.005	300
1765	1	1805	0.05	0.005	300
1766	1	1806	0.05	0.005	300
1767	1	1807	0.05	0.005	300
1768	1	1808	0.05	0.005	300
1769	1	1809	0.05	0.005	300
1770	1	1810	0.05	0.005	300
1771	1	1811	0.05	0.005	300
1772	1	1812	0.05	0.005	300
1773	1	1813	0.05	0.005	300
1774	1	1814	0.05	0.005	300
1775	1	1815	0.05	0.005	300
1776	1	1816	0.05	0.005	300
1777	1	1817	0.05	0.005	300
1778	1	1818	0.05	0.005	300
1779	1	1819	0.05	0.005	300
1780	1	1820	0.05	0.005	300
1781	1	1821	0.05	0.005	300
1782	1	1822	0.05	0.005	300
1783	1	1823	0.05	0.005	300
1784	1	1824	0.05	0.005	300
1785	1	1825	0.05	0.005	300
1786	1	1826	0.05	0.005	300
1787	1	1827	0.05	0.005	300
1788	1	1828	0.05	0.005	300
1789	1	1829	0.05	0.005	300
1790	1	1830	0.05	0.005	300
1791	1	1831	0.05	0.005	300
1792	1	1832	0.05	0.005	300
1793	1	1833	0.05	0.005	300
1794	1	1834	0.05	0.005	300
1795	1	1835	0.05	0.005	300
1796	1	1836	0.05	0.005	300
