Node file for LA Subnet 2 
940	0.8	0.8
1	43.383	104.16	1	-1	0
2	46.666	104.7	1	-2	0
3	46.818	105.08	1	-3	0
4	47.373	104.56	1	-4	0
5	47.547	104.82	1	-5	0
6	47.583	103.37	1	-6	0
7	48.435	104.93	1	-7	0
8	49.18	102.73	1	-8	0
9	49.319	103.97	1	-9	0
10	49.329	102.64	1	-10	0
11	49.375	105.16	1	-11	0
12	49.606	105.04	1	-12	0
13	49.707	102.94	1	-13	0
14	49.815	101.9	2	-14	0
15	49.933	103.37	1	-15	0
16	49.94	102.26	1	-16	0
17	50.008	102.05	1	-17	0
18	50.249	101.84	1	-18	0
19	50.318	102.57	1	-19	0
20	50.338	103.66	1	-20	0
21	50.342	103.96	1	-21	0
22	50.602	102.8	1	-22	0
23	50.622	103.57	1	-23	0
24	50.667	102.59	1	-24	0
25	50.675	101.48	1	-25	0
26	50.675	104.23	1	-26	0
27	50.917	103.32	1	-27	0
28	50.959	104.14	1	-28	0
29	50.981	103.11	1	-29	0
30	50.987	102.31	1	-30	0
31	51.233	103.05	1	-31	0
32	51.299	102.05	1	-32	0
33	51.376	105.94	1	-33	0
34	51.438	105.5	1	-34	0
35	51.509	105.32	1	-35	0
36	51.555	102.77	1	-36	0
37	51.764	103.48	1	-37	0
38	51.805	101.61	1	-38	0
39	51.924	111.14	1	-39	0
40	52.087	103.2	1	-40	0
41	52.411	104.09	1	-41	0
42	52.536	104.41	1	-42	0
43	52.562	103.06	1	-43	0
44	52.786	103.77	1	-44	0
45	52.897	103.34	1	-45	0
46	53.08	108.53	1	-46	0
47	53.137	107.31	1	-47	0
48	53.227	103.16	1	-48	0
49	53.264	108.04	1	-49	0
50	53.279	101.67	1	-50	0
51	53.326	107.19	1	-51	0
52	53.427	104.85	1	-52	0
53	53.523	102.81	1	-53	0
54	53.643	106.6	1	-54	0
55	53.935	103.4	1	-55	0
56	54.063	102.67	1	-56	0
57	54.378	102.27	1	-57	0
58	54.528	103.88	1	-58	0
59	54.636	104.75	1	-59	0
60	54.675	107.06	1	-60	0
61	54.906	104.11	1	-61	0
62	54.969	104.37	1	-62	0
63	54.993	104.84	1	-63	0
64	55.026	110.68	1	-64	0
65	55.064	104.42	1	-65	0
66	55.365	105.61	1	-66	0
67	55.466	103.79	1	-67	0
68	55.471	106.37	1	-68	0
69	55.72	103.5	1	-69	0
70	55.789	105.12	1	-70	0
71	55.958	106.17	1	-71	0
72	56.098	105.8	1	-72	0
73	56.098	106.35	1	-73	0
74	56.186	104.66	1	-74	0
75	56.35	104.31	1	-75	0
76	56.404	104.56	1	-76	0
77	56.452	105.26	1	-77	0
78	56.592	104.03	1	-78	0
79	56.636	107.57	1	-79	0
80	56.691	106.52	1	-80	0
81	56.764	104.78	1	-81	0
82	56.983	106.29	1	-82	0
83	57.061	104.74	1	-83	0
84	57.197	105.73	1	-84	0
85	57.22	107.11	1	-85	0
86	57.542	103.06	1	-86	0
87	57.558	104.79	1	-87	0
88	57.767	104.55	1	-88	0
89	57.842	102.68	1	-89	0
90	57.954	104.33	1	-90	0
91	58.213	108.07	1	-91	0
92	58.227	105.5	1	-92	0
93	58.292	103.53	1	-93	0
94	58.442	107.6	1	-94	0
95	58.487	109.07	1	-95	0
96	58.534	106.16	1	-96	0
97	58.543	106.5	1	-97	0
98	58.636	103.73	1	-98	0
99	58.937	102.71	1	-99	0
100	58.96	104.11	1	-100	0
101	59.121	107.26	1	-101	0
102	59.255	108.9	1	-102	0
103	59.466	108.38	1	-103	0
104	59.59	107.6	1	-104	0
105	59.871	106.22	1	-105	0
106	59.886	104.95	1	-106	0
107	60.084	111.15	1	-107	0
108	60.3	106.22	1	-108	0
109	60.328	102.95	1	-109	0
110	60.441	104.01	1	-110	0
111	60.54	103.47	1	-111	0
112	60.569	103.55	1	-112	0
113	60.63	103.69	1	-113	0
114	60.777	107.08	1	-114	0
115	60.777	107.35	1	-115	0
116	60.819	106.22	1	-116	0
117	60.849	103.88	1	-117	0
118	60.896	105.24	1	-118	0
119	60.932	107.53	1	-119	0
120	61.127	107.53	1	-120	0
121	61.132	106.22	1	-121	0
122	61.252	105.25	1	-122	0
123	61.321	105.71	1	-123	0
124	61.33	106.93	1	-124	0
125	61.335	106.5	1	-125	0
126	61.338	106.22	1	-126	0
127	61.356	105.25	1	-127	0
128	61.427	103.78	1	-128	0
129	61.514	107.53	1	-129	0
130	61.72	107.53	1	-130	0
131	61.727	104.42	1	-131	0
132	61.806	105.18	1	-132	0
133	61.855	104.81	1	-133	0
134	61.956	109.93	1	-134	0
135	62.047	106.93	1	-135	0
136	62.06	106.51	1	-136	0
137	62.061	105.71	1	-137	0
138	62.069	106.1	1	-138	0
139	62.115	105.12	1	-139	0
140	62.275	106.29	1	-140	0
141	62.289	108.02	1	-141	0
142	62.473	108.02	1	-142	0
143	62.494	106.24	1	-143	0
144	62.549	105.04	1	-144	0
145	62.59	104.21	1	-145	0
146	62.72	105.01	1	-146	0
147	62.727	104.65	1	-147	0
148	62.875	105.44	1	-148	0
149	63.109	109.54	1	-149	0
150	63.152	106.27	1	-150	0
151	63.188	106.48	1	-151	0
152	63.195	108.54	1	-152	0
153	63.198	108.15	1	-153	0
154	63.2	107.43	1	-154	0
155	63.234	103.04	1	-155	0
156	63.251	110.06	1	-156	0
157	63.254	109.44	1	-157	0
158	63.256	107.06	1	-158	0
159	63.286	105.6	1	-159	0
160	63.409	108.9	1	-160	0
161	63.504	106.53	1	-161	0
162	63.553	109.44	1	-162	0
163	63.611	105.55	1	-163	0
164	63.629	106.12	1	-164	0
165	63.699	109.44	1	-165	0
166	63.73	108.72	1	-166	0
167	63.733	107.82	1	-167	0
168	63.843	110.22	1	-168	0
169	63.944	102.85	1	-169	0
170	63.946	108.72	1	-170	0
171	63.961	107.82	1	-171	0
172	63.963	109.44	1	-172	0
173	64.064	106.08	1	-173	0
174	64.134	105.37	1	-174	0
175	64.256	105.16	1	-175	0
176	64.26	108.54	1	-176	0
177	64.262	108.18	1	-177	0
178	64.263	106.49	1	-178	0
179	64.369	107.22	1	-179	0
180	64.432	106.07	1	-180	0
181	64.458	102.96	1	-181	0
182	64.499	109.17	1	-182	0
183	64.514	105.1	1	-183	0
184	64.573	108.02	1	-184	0
185	64.607	109.44	1	-185	0
186	64.643	103.93	1	-186	0
187	64.711	110.35	1	-187	0
188	64.799	102.46	1	-188	0
189	64.825	109.44	1	-189	0
190	64.838	105.09	1	-190	0
191	64.853	106.49	1	-191	0
192	64.873	104.36	1	-192	0
193	64.888	108.02	1	-193	0
194	64.893	107.1	1	-194	0
195	64.896	106.93	1	-195	0
196	64.944	105.36	1	-196	0
197	65.01	102.73	1	-197	0
198	65.053	103.87	1	-198	0
199	65.132	108.18	1	-199	0
200	65.132	108.53	1	-200	0
201	65.133	107.83	1	-201	0
202	65.135	107.36	1	-202	0
203	65.22	106.06	1	-203	0
204	65.232	105.48	1	-204	0
205	65.256	103.83	1	-205	0
206	65.283	109.44	1	-206	0
207	65.323	110.03	3	0	0
208	65.341	105.45	1	-208	0
209	65.351	105.89	1	-209	0
210	65.444	110.27	1	-210	0
211	65.479	108.71	1	-211	0
212	65.482	107.83	1	-212	0
213	65.485	106.69	1	-213	0
214	65.487	107.36	1	-214	0
215	65.578	105.89	1	-215	0
216	65.664	110.03	1	-216	0
217	65.669	110.41	1	-217	0
218	65.705	107.83	1	-218	0
219	65.707	106.69	1	-219	0
220	65.708	107.36	1	-220	0
221	65.716	109.44	1	-221	0
222	65.72	108.71	1	-222	0
223	65.722	108.03	1	-223	0
224	65.837	108.89	1	-224	0
225	65.837	109.26	1	-225	0
226	65.847	109.43	1	-226	0
227	65.87	106.05	1	-227	0
228	65.902	103.69	1	-228	0
229	65.924	106.28	1	-229	0
230	65.933	105.88	1	-230	0
231	65.95	109.61	1	-231	0
232	66.023	105.13	1	-232	0
233	66.031	108.53	1	-233	0
234	66.111	104.22	1	-234	0
235	66.19	105.91	1	-235	0
236	66.25	109.62	1	-236	0
237	66.259	108.53	1	-237	0
238	66.52	107.11	1	-238	0
239	66.528	105.45	1	-239	0
240	66.711	105.89	1	-240	0
241	66.844	106.4	1	-241	0
242	66.894	108.16	1	-242	0
243	66.896	109.25	1	-243	0
244	66.899	108.89	1	-244	0
245	66.904	108.53	1	-245	0
246	67.011	109.44	1	-246	0
247	67.051	109.61	1	-247	0
248	67.553	109.44	1	-248	0
249	67.625	109.62	1	-249	0
250	67.625	109.98	1	-250	0
251	67.759	110.91	1	-251	0
350	44.437	103.85	4	0	0
351	46.425	103.58	4	0	0
352	46.668	104.88	4	0	0
353	47.073	104.97	4	0	0
354	47.42	104.74	4	0	0
355	48.038	103.41	4	0	0
356	48.055	102.83	4	0	0
357	48.18	104.14	4	0	0
358	48.426	103.02	4	0	0
359	48.617	102.94	4	0	0
360	48.608	104.62	4	0	0
362	48.655	102.6	4	0	0
363	48.725	103.09	4	0	0
364	48.882	102.48	4	0	0
365	49.217	103.19	4	0	0
366	49.249	102.22	4	0	0
367	49.324	102.03	4	0	0
368	49.499	105.09	4	0	0
369	49.608	103.97	4	0	0
370	49.611	102.86	4	0	0
371	49.714	101.82	4	0	0
372	49.819	102.68	4	0	0
373	49.876	101.68	4	0	0
374	50.123	103.53	4	0	0
375	50.129	102.42	4	0	0
376	50.156	104.4	4	0	0
377	50.164	101.91	4	0	0
378	50.193	101.41	4	0	0
379	50.232	101.28	4	0	0
380	50.265	105.55	4	0	0
381	50.27	101.24	4	0	0
382	50.454	102.14	4	0	0
383	50.481	103.22	4	0	0
384	50.506	104.1	4	0	0
385	50.509	101.14	4	0	0
386	50.546	102.22	4	0	0
387	50.59	101.08	4	0	0
388	50.763	103.45	4	0	0
389	50.765	101.87	4	0	0
390	50.794	101.38	4	0	0
391	50.794	102.95	4	0	0
392	50.813	104.83	4	0	0
393	50.828	102.45	4	0	0
394	50.859	101.95	4	0	0
395	50.879	101.25	4	0	0
396	50.89	101.45	4	0	0
397	50.903	101.28	4	0	0
398	50.933	101.26	4	0	0
399	50.948	101.25	4	0	0
400	50.967	100.75	4	0	0
401	51.001	101.2	4	0	0
402	51.019	103.66	4	0	0
403	51.02	101.34	4	0	0
404	51.048	103.68	4	0	0
405	51.079	101.61	4	0	0
406	51.082	101.32	4	0	0
407	51.112	102.68	4	0	0
408	51.174	101.68	4	0	0
252	51.207	100.52	1	-252	0
409	51.267	101.44	4	0	0
410	51.268	101.36	4	0	0
411	51.272	100.96	4	0	0
412	51.28	103.87	4	0	0
413	51.306	101.47	4	0	0
414	51.359	101.46	4	0	0
415	51.368	101.52	4	0	0
416	51.38	101.45	4	0	0
417	51.396	102.91	4	0	0
418	51.43	102.41	4	0	0
419	51.437	105.72	4	0	0
420	51.446	101.46	4	0	0
421	51.456	101.91	4	0	0
422	51.493	101.62	4	0	0
253	51.579	100.67	1	-253	0
423	51.62	104.14	4	0	0
424	51.652	101.75	4	0	0
425	51.679	103.14	4	0	0
426	51.685	105.01	4	0	0
427	51.705	101.23	4	0	0
428	51.722	101.67	4	0	0
429	51.739	102.14	4	0	0
430	51.746	101.71	4	0	0
431	51.752	111.02	4	0	0
254	51.89	111.96	1	-254	0
432	51.927	103.88	4	0	0
433	51.929	103.34	4	0	0
434	51.934	101.97	4	0	0
435	51.939	103.87	4	0	0
436	51.956	109.86	4	0	0
437	51.999	102.87	4	0	0
255	52.028	112.11	1	-255	0
256	52.068	112.3	1	-256	0
438	52.091	109.83	4	0	0
439	52.173	105.85	4	0	0
440	52.2	110.06	4	0	0
441	52.214	104.64	4	0	0
442	52.224	109.68	4	0	0
443	52.232	102.08	4	0	0
444	52.253	103.6	4	0	0
445	52.295	102.16	4	0	0
446	52.3	103.11	4	0	0
447	52.309	102.6	4	0	0
448	52.324	109.63	4	0	0
257	52.368	100.69	1	-257	0
449	52.381	109.41	4	0	0
450	52.383	101.59	4	0	0
451	52.39	109.64	4	0	0
452	52.425	109.21	4	0	0
453	52.501	102.44	4	0	0
454	52.552	109.54	4	0	0
455	52.554	105.18	4	0	0
456	52.57	103.33	4	0	0
457	52.577	101.69	4	0	0
458	52.58	102.37	4	0	0
459	52.616	102.85	4	0	0
460	52.622	105.19	4	0	0
461	52.63	103.91	4	0	0
462	52.862	102	4	0	0
463	52.726	103.2	4	0	0
464	52.739	105.05	4	0	0
465	52.763	102.72	4	0	0
466	52.822	107.92	4	0	0
467	52.878	103.06	4	0	0
468	52.892	108.54	4	0	0
469	52.977	107.8	4	0	0
470	52.981	106.52	4	0	0
471	53.009	105.27	4	0	0
472	53.016	102.81	4	0	0
473	53.033	102.49	4	0	0
474	53.054	101.95	4	0	0
475	53.26	102.28	4	0	0
476	53.121	107.57	4	0	0
477	53.132	107.88	4	0	0
258	53.138	101.14	1	-258	0
478	53.154	107.5	4	0	0
479	53.186	107.31	4	0	0
480	53.25	104.41	4	0	0
481	53.258	107.24	4	0	0
482	53.285	105.49	4	0	0
483	53.293	107.26	4	0	0
484	53.326	107.28	4	0	0
485	53.336	107.36	4	0	0
486	53.344	102.1	4	0	0
487	53.374	102.52	4	0	0
488	53.402	102.55	4	0	0
489	53.419	107.32	4	0	0
491	53.434	102.15	4	0	0
492	53.449	105.35	4	0	0
493	53.464	102.98	4	0	0
494	53.473	107.1	4	0	0
495	53.419	107.21	4	0	0
496	53.513	107.37	4	0	0
497	53.608	104.7	4	0	0
498	53.664	106.91	4	0	0
499	53.67	104.05	4	0	0
259	53.82	101.54	1	-259	0
500	53.869	103.88	4	0	0
501	53.904	106.75	4	0	0
502	53.913	104.95	4	0	0
503	53.93	106.7	4	0	0
504	54.027	106.5	4	0	0
505	54.082	105.08	4	0	0
506	54.133	102.73	4	0	0
507	54.156	102.53	4	0	0
508	54.161	105.25	4	0	0
509	54.191	103.61	4	0	0
510	54.237	102.73	4	0	0
511	54.242	103.17	4	0	0
512	54.397	104.37	4	0	0
513	54.449	107.58	4	0	0
514	54.495	104.26	4	0	0
515	54.499	107.03	4	0	0
516	54.526	102.88	4	0	0
517	54.562	105.83	4	0	0
518	54.565	102.74	4	0	0
519	54.574	105.85	4	0	0
520	54.584	105.49	4	0	0
521	54.59	105.47	4	0	0
522	54.624	103.24	4	0	0
523	54.637	105.51	4	0	0
524	54.646	105.5	4	0	0
525	54.685	105.74	4	0	0
526	54.705	102.8	4	0	0
527	54.67	105.7	4	0	0
528	54.719	104	4	0	0
529	54.734	102.78	4	0	0
530	54.705	105.66	4	0	0
531	54.779	102.72	4	0	0
532	54.81	104.55	4	0	0
533	54.841	105.61	4	0	0
534	54.871	105.52	4	0	0
535	54.886	105.62	4	0	0
536	54.948	105.67	4	0	0
537	54.955	105.67	4	0	0
538	54.98	102.94	4	0	0
539	54.982	105.32	4	0	0
540	54.986	105.38	4	0	0
541	54.997	105.7	4	0	0
542	55.025	105.29	4	0	0
543	55.035	102.87	4	0	0
544	55.079	102.82	4	0	0
545	55.101	102.79	4	0	0
260	55.122	102.31	1	-260	0
546	55.124	104.97	4	0	0
547	55.124	105.75	4	0	0
548	55.157	104.65	4	0	0
549	55.158	104.93	4	0	0
551	55.215	103.42	4	0	0
552	55.225	105.78	4	0	0
553	55.257	104.53	4	0	0
554	55.277	104.68	4	0	0
555	55.289	104.66	4	0	0
261	55.368	102.45	1	-261	0
557	55.372	110.6	4	0	0
558	55.45	104.73	4	0	0
559	55.402	102.92	4	0	0
560	55.421	102.91	4	0	0
561	55.429	103.16	4	0	0
562	55.51	104.48	4	0	0
563	55.571	104.76	4	0	0
564	55.592	103.65	4	0	0
565	55.608	105.88	4	0	0
566	55.627	104.36	4	0	0
567	55.679	102.84	4	0	0
262	55.791	113.07	1	-262	0
568	55.832	103.38	4	0	0
569	55.846	103.01	4	0	0
570	55.879	103.82	4	0	0
571	55.8	106.41	4	0	0
572	55.939	103.04	4	0	0
573	55.987	104.89	4	0	0
574	55.998	103.67	4	0	0
575	56.012	103.89	4	0	0
576	56.022	103.91	4	0	0
577	56.024	105.99	4	0	0
578	55.9	106.66	4	0	0
579	56.054	107.83	4	0	0
580	56.062	103.93	4	0	0
581	56.123	103.69	4	0	0
582	56.129	103.72	4	0	0
583	56.132	103.52	4	0	0
263	56.135	102.27	1	-263	0
584	56.177	103.08	4	0	0
585	56.186	103.79	4	0	0
586	56.208	104.02	4	0	0
587	56.266	103.07	4	0	0
588	56.268	103.4	4	0	0
589	56.302	104.98	4	0	0
590	56.333	103.62	4	0	0
591	56.487	103.32	4	0	0
592	56.425	106.09	4	0	0
593	56.458	108.08	4	0	0
594	56.465	104.18	4	0	0
595	56.487	103.7	4	0	0
596	56.523	108.28	4	0	0
597	56.586	104.67	4	0	0
264	56.589	102.49	1	-264	0
598	56.601	105.08	4	0	0
599	56.785	106.43	4	0	0
600	56.826	102.88	4	0	0
601	56.826	104.39	4	0	0
602	56.844	107.35	4	0	0
603	56.848	105.25	4	0	0
604	56.858	102.63	4	0	0
605	56.906	102.65	4	0	0
606	56.962	103.18	4	0	0
607	57.11	102.8	4	0	0
608	57.073	102.71	4	0	0
609	57.082	102.56	4	0	0
610	57.114	106.69	4	0	0
611	57.118	103	4	0	0   
612	57.125	102.54	4	0	0
613	57.134	102.74	4	0	0
614	57.153	104.01	4	0	0
615	57.183	104.6	4	0	0
616	57.5	102	4	0	0
617	57.307	105.56	4	0	0
618	57.33	102.24	4	0	0
619	57.376	103.17	4	0	0
620	57.389	103.72	4	0	0
265	57.487	101.83	1	-265	0
621	57.526	104.19	4	0	0
622	57.54	104.81	4	0	0
623	57.582	105.75	4	0	0
624	57.643	102.94	4	0	0
625	57.714	104.3	4	0	0
626	57.748	103.19	4	0	0
266	57.78	101.92	1	-266	0
627	57.804	103.81	4	0	0
628	57.892	104.4	4	0	0
629	57.907	103.06	4	0	0
630	57.944	105.03	4	0	0
631	57.995	103.91	4	0	0
632	58.003	107.72	4	0	0
633	58.133	103.17	4	0	0
634	58.149	106.14	4	0	0
267	58.191	101.16	1	-267	0
268	58.204	101.17	1	-268	0
635	58	103.19	4	0	0
636	58.23	103.255	4	0	0
637	58.29	104.63	4	0	0
638	58.3	107.84	4	0	0
639	58.311	103.16	4	0	0
640	58.367	103.08	4	0	0
641	58.38	105.32	4	0	0
642	58.399	106.32	4	0	0
643	58.409	103.67	4	0	0
644	58.474	103.09	4	0	0
645	58.534	106.71	4	0	0
646	58.557	105.72	4	0	0
647	58.567	106.43	4	0	0
648	58.579	103.15	4	0	0
649	58.582	105.74	4	0	0
650	58.583	105.7	4	0	0
651	58.599	108.01	4	0	0
652	58.618	102.76	4	0	0
653	58.623	105.64	4	0	0
654	58.634	105.68	4	0	0
655	58.641	103.16	4	0	0
656	58.671	105.75	4	0	0
657	58.673	105.61	4	0	0
658	58.731	108.99	4	0	0
659	58.8	108.15	4	0	0
660	58.821	102.87	4	0	0
661	58.835	107.96	4	0	0
269	58.838	102.47	1	-269	0
662	58.928	102.92	4	0	0
663	58.931	103.38	4	0	0
664	58.935	105	4	0	0
665	58.958	106.71	4	0	0
666	59.054	106.71	4	0	0
667	59.107	105.97	4	0	0
668	59.147	102.64	4	0	0
669	59.149	105.12	4	0	0
670	59.306	107.43	4	0	0
671	59.364	104	4	0	0
672	59.372	108.62	4	0	0
673	59.25	103.2	4	0	0
674	59.512	111.01	4	0	0
675	59.576	104.03	4	0	0
270	59.603	102.05	1	-270	0
676	59.633	107.17	4	0	0
677	59.639	102.91	4	0	0
271	59.657	112.66	1	-271	0
678	59.671	107.13	4	0	0
679	59.679	102.96	4	0	0
680	59.9	103.05	4	0	0
681	59.97	108.68	4	0	0
682	60.015	103.14	4	0	0
683	60.061	102.94	4	0	0
684	60.081	106.71	4	0	0
685	60.088	106.22	4	0	0
686	60.09	105.97	4	0	0
687	60.092	105.5	4	0	0
688	60.098	106.02	4	0	0
272	60.112	102.34	1	-272	0
689	60.142	104.93	4	0	0
690	60.142	105.96	4	0	0
691	60.226	103.98	4	0	0
692	60.25	103.71	4	0	0
693	60.363	102.9	4	0	0
694	60.22	102.93	4	0	0
695	60.403	103.14	4	0	0
696	60.443	107.72	4	0	0
697	60.456	105.53	4	0	0
273	60.584	102.44	1	-273	0
698	60.595	103.61	4	0	0
699	60.744	102.71	4	0	0
700	60.774	107.21	4	0	0
701	60.829	102.93	4	0	0
702	60.83	102.84	4	0	0
703	60.9	104.87	4	0	0
704	60.908	103.12	4	0	0
705	60.929	102.83	4	0	0
706	60.933	102.85	4	0	0
707	60.945	104.77	4	0	0
708	60.963	102.83	4	0	0
709	60.978	102.6	4	0	0
710	60.981	102.64	4	0	0
711	61.01	103.29	4	0	0
712	61.011	105.53	4	0	0
713	61.02	102.62	4	0	0
714	61.02	105.94	4	0	0
715	61.025	108.09	4	0	0
716	61.026	109.06	4	0	0
717	61.027	107.21	4	0	0
718	61.028	106.22	4	0	0
719	61.028	106.71	4	0	0
720	61.028	107.53	4	0	0
721	61.028	107.72	4	0	0
722	61.029	103.05	4	0	0
723	61.033	103.15	4	0	0
724	61.052	105.25	4	0	0
725	61.057	105.53	4	0	0
726	61.069	103.48	4	0	0
727	61.158	103.83	4	0	0
728	61.17	102.94	4	0	0
729	61.236	104.11	4	0	0
730	61.33	105.93	4	0	0
731	61.332	106.71	4	0	0
732	61.347	102.82	4	0	0
733	61.382	103.38	4	0	0
734	61.391	104.68	4	0	0
735	61.444	109.07	4	0	0
736	61.449	108.38	4	0	0
737	61.453	108.08	4	0	0
738	61.535	103.44	4	0	0
739	61.587	105.22	4	0	0
740	61.598	108.49	4	0	0
741	61.622	107.21	4	0	0
742	61.624	107.53	4	0	0
743	61.628	105.48	4	0	0
744	61.628	107.72	4	0	0
745	61.631	106.71	4	0	0
746	61.636	105.94	4	0	0
747	61.669	109.07	4	0	0
748	61.68	108.14	4	0	0
749	61.765	103.28	4	0	0
750	61.772	103.5	4	0	0
751	61.792	104.55	4	0	0
752	61.862	103.05	4	0	0
753	61.917	103.67	4	0	0
754	62.038	109.23	4	0	0
755	62.04	107.66	4	0	0
756	62.057	106.6	4	0	0
757	62.066	105.94	4	0	0
758	62.117	103.11	4	0	0
759	62.154	103.63	4	0	0
760	62.215	103.5	4	0	0
761	62.217	103.43	4	0	0
762	62.228	103.55	4	0	0
763	62.236	103.62	4	0	0
764	62.258	103.73	4	0	0
765	62.278	103.82	4	0	0
766	62.293	107.17	4	0	0
767	62.316	104.45	4	0	0
768	62.339	107.61	4	0	0
769	62.343	108.02	4	0	0
770	62.348	108.19	4	0	0
771	62.353	107.33	4	0	0
772	62.36	107.1	4	0	0
773	62.362	109.44	4	0	0
774	62.363	103.66	4	0	0
775	62.368	108.94	4	0	0
776	62.37	109.07	4	0	0
777	62.377	106.52	4	0	0
778	62.38	105.94	4	0	0
779	62.383	105.33	4	0	0
780	62.384	105.07	4	0	0
781	62.386	106.27	4	0	0
782	62.388	103.64	4	0	0
783	62.3	103.64	4	0	0
784	62.455	103.67	4	0	0
785	62.465	103.66	4	0	0
786	62.565	103.25	4	0	0
787	62.576	109.05	4	0	0
788	62.582	103.74	4	0	0
274	62.585	111.48	1	-274	0
789	62.646	104.39	4	0	0
790	62.683	103.56	4	0	0
791	62.684	103.3	4	0	0
275	62.764	102.17	1	-275	0
792	62.79	105.25	4	0	0
793	62.792	102.65	4	0	0
794	62.795	103.04	4	0	0
795	62.797	106.42	4	0	0
796	62.808	102.97	4	0	0
797	62.844	103.07	4	0	0
798	62.922	103.24	4	0	0
799	62.995	103.53	4	0	0
800	63.007	103.44	4	0	0
801	63.023	104	4	0	0
802	63.079	104.31	4	0	0
803	63.08	103.59	4	0	0
804	63.099	103.47	4	0	0
805	63.106	109.73	4	0	0
806	63.17	106.37	4	0	0
807	63.195	108.37	4	0	0
808	63.2	107.24	4	0	0
809	63.224	103.53	4	0	0
810	63.271	103.49	4	0	0
811	63.335	105.15	4	0	0
812	63.403	109.44	4	0	0
813	63.406	109.08	4	0	0
814	63.431	109.8	4	0	0
815	63.45	110.19	4	0	0
816	63.485	102.6	4	0	0
817	63.504	105.58	4	0	0
818	63.575	103.43	4	0	0
819	63.601	103.4	4	0	0
820	63.614	102.94	4	0	0
821	63.58	105.74	4	0	0
822	63.632	105.86	4	0	0
823	63.712	105.8	4	0	0
824	63.735	103.25	4	0	0
825	63.759	106.1	4	0	0
826	63.843	110.13	4	0	0
827	63.845	109.81	4	0	0
828	63.846	109.45	4	0	0
829	63.852	107.82	4	0	0
830	63.853	109.08	4	0	0
831	63.854	107.61	4	0	0
832	63.856	107.16	4	0	0
833	63.86	106.3	4	0	0
834	63.861	106.49	4	0	0
835	63.862	108.38	4	0	0
836	63.863	108.72	4	0	0
837	63.969	103.91	4	0	0
838	64.144	104.41	4	0	0
839	64.186	105.51	4	0	0
840	64.262	108.37	4	0	0
841	64.286	105.75	4	0	0
842	64.313	104.87	4	0	0
843	64.346	103.39	4	0	0
844	64.368	107.08	4	0	0
845	64.391	103.41	4	0	0
846	64.423	105.12	4	0	0
276	64.439	102.15	1	-276	0
847	64.49	102.49	4	0	0
848	64.513	102.55	4	0	0
849	64.528	105.41	4	0	0
850	64.64	103.44	4	0	0
851	64.644	105.74	4	0	0
852	64.653	103.39	4	0	0
853	64.676	108.36	4	0	0
854	64.677	107.04	4	0	0
855	64.678	107.61	4	0	0
856	64.679	108.02	4	0	0
857	64.713	109.8	4	0	0
858	64.714	110.16	4	0	0
859	64.716	109.44	4	0	0
860	64.718	109.17	4	0	0
861	64.719	104.12	4	0	0
862	64.721	109.08	4	0	0
863	64.65	102.75	4	0	0
864	64.76	103.25	4	0	0
865	64.856	106.24	4	0	0
866	64.8	103	4	0	0
867	64.892	106.99	4	0	0
868	64.894	103.4	4	0	0
869	64.9	103.12	4	0	0
870	64.911	105.27	4	0	0
871	64.92	103.15	4	0	0
872	64.933	103.18	4	0	0
873	64.934	103.45	4	0	0
874	64.95	103.2	4	0	0
875	64.96	103.25	4	0	0
876	64.97	103.25	4	0	0
877	65.008	103.5	4	0	0
878	65.016	103.52	4	0	0
879	65.026	103.5	4	0	0
880	65.032	103.56	4	0	0
881	65.15	103.41	4	0	0
882	65.082	103.46	4	0	0
883	65.132	108.35	4	0	0
884	65.133	107.62	4	0	0
885	65.154	103.85	4	0	0
886	65.248	104.04	4	0	0
887	65.278	106.92	4	0	0
888	65.28	106.23	4	0	0
889	65.314	103.42	4	0	0
890	65.319	103.47	4	0	0
891	65.321	105.73	4	0	0
892	65.409	105.73	4	0	0
893	65.461	104.6	4	0	0
894	65.466	105.89	4	0	0
895	65.478	110.16	4	0	0
896	65.53	109.96	4	0	0
897	65.534	104.79	4	0	0
898	65.557	110.15	4	0	0
899	65.578	105.04	4	0	0
900	65.586	109.8	4	0	0
901	65.59	109.44	4	0	0
902	65.592	109.07	4	0	0
903	65.593	108.35	4	0	0
904	65.594	107.83	4	0	0
905	65.594	108.71	4	0	0
906	65.595	106.22	4	0	0
907	65.595	106.69	4	0	0
908	65.595	107.36	4	0	0
909	65.596	107.62	4	0	0
910	65.597	106.89	4	0	0
911	65.648	105.44	4	0	0
912	65.661	110.15	4	0	0
913	65.721	108.35	4	0	0
914	65.723	103.47	4	0	0
915	65.725	103.46	4	0	0
916	65.838	109.07	4	0	0
277	65.839	112.33	1	-277	0
917	65.841	109.8	4	0	0
918	65.907	104.83	4	0	0
919	65.929	106.21	4	0	0
920	65.936	104.9	4	0	0
278	65.946	103.26	1	-278	0
279	65.95	102.56	1	-279	0
921	65.998	105.71	4	0	0
922	66.016	103.98	4	0	0
923	66.059	105.88	4	0	0
924	66.067	104.85	4	0	0
280	66.13	112	1	-280	0
925	66.131	110.16	4	0	0
926	66.134	109.8	4	0	0
927	66.136	106.89	4	0	0
928	66.136	107.62	4	0	0
929	66.137	109.61	4	0	0
930	66.14	109.07	4	0	0
931	66.141	108.53	4	0	0
932	66.142	108.35	4	0	0
933	66.152	106.21	4	0	0
281	66.238	103.48	1	-281	0
282	66.241	103.5	1	-282	0
934	66.25	110.52	4	0	0
283	66.269	111.78	1	-283	0
284	66.273	111.52	1	-284	0
935	66.281	104.75	4	0	0
936	66.304	104.71	4	0	0
937	66.342	110.91	4	0	0
938	66.351	111.3	4	0	0
939	66.354	110.99	4	0	0
940	66.364	104.71	4	0	0
941	66.377	111.14	4	0	0
942	66.389	111	4	0	0
285	66.398	111.52	1	-285	0
943	66.412	111.12	4	0	0
946	66.522	106.89	4	0	0
949	66.594	110.99	4	0	0
950	66.594	111.1	4	0	0
951	66.6	111.13	4	0	0
952	66.614	111	4	0	0
953	66.627	105.69	4	0	0
954	66.687	110.93	4	0	0
955	66.839	106.2	4	0	0
286	66.893	103.99	1	-286	0
956	66.899	109.07	4	0	0
957	66.904	108.35	4	0	0
958	66.911	110.84	4	0	0
959	66.928	110.75	4	0	0
960	66.931	110.72	4	0	0
961	66.961	110.52	4	0	0
962	66.989	110.74	4	0	0
963	67.049	110.16	4	0	0
964	67.051	109.8	4	0	0
965	67.15	110.67	4	0	0
287	67.159	104.47	1	-287	0
288	67.209	105.53	1	-288	0
289	67.235	106.19	1	-289	0
966	67.257	110.61	4	0	0
290	67.267	106.89	1	-290	0
291	67.28	107.61	1	-291	0
967	67.295	110.51	4	0	0
968	67.328	110.52	4	0	0
969	67.329	110.43	4	0	0
292	67.33	104.78	1	-292	0
970	67.333	110.54	4	0	0
971	67.334	110.16	4	0	0
972	67.337	109.8	4	0	0
973	67.338	109.44	4	0	0
293	67.339	108.35	1	-293	0
974	67.339	109.07	4	0	0
975	67.422	110.49	4	0	0
976	67.477	110.42	4	0	0
977	67.477	110.52	4	0	0
978	67.482	110.16	4	0	0
979	67.626	109.8	4	0	0
980	67.761	110.17	4	0	0
981	67.762	110.4	4	0	0
982	67.763	110.46	4	0	0
983	67.764	110.53	4	0	0
984	67.769	109.8	4	0	0
985	67.772	109.08	4	0	0
986	67.812	110.42	4	0	0
987	67.874	110.52	4	0	0
988	67.887	110.46	4	0	0
989	68.008	110.42	4	0	0
294	68.062	110.38	1	-294	0
295	68.128	110.37	1	-295	0
296	68.201	109.8	1	-296	0
297	68.201	110.17	1	-297	0
298	68.202	110.53	1	-298	0
299	68.425	109.07	1	-299	0
1001	60.45	103.06	4	0	0
1002	57.41	103.32	4	0	0
1003	56.177	102.84	4	0	0
1004	56.487	103.38	4	0	0
1005	61.917	103.65	4	0	0
1006	62.7	103.44	4	0	0
1007	59.25	102.93	4	0	0
1008	58.3	102.87	4	0	0
1009	60.45	102.93	4	0	0