Lane prohibitor file 12/16/16 all the links with only one phase 111 are deleted; no need for lane stripping
883
1	1	3	100	010	011	00000	00000	00000				
2	2	3	100	010	011	00000	00000	00000				
3	3	3	100	010	011	00000	00000	00000				
4	7	2	100	011	00000	00000						
5	9	2	100	011	00000	00000						
6	11	2	100	011	00000	00000						
7	19	2	100	011	00000	00000						
8	24	2	100	011	00000	00000						
9	28	2	100	011	00000	00000						
11	35	3	100	010	011	00000	00000	00000				
12	40	2	100	011	00000	00000						
13	43	2	100	011	00000	00000						
15	52	2	100	011	00000	00000						
17	61	2	100	011	00000	00000						
18	64	2	100	011	00000	00000						
20	83	2	100	011	00000	00000						
23	101	3	100	010	011	00000	00000	00000				
24	105	2	100	011	00000	00000						
25	111	2	100	011	00000	00000						
26	118	2	100	011	00000	00000						
27	125	2	100	011	00000	00000						
28	131	2	100	011	00000	00000						
30	135	3	100	010	011	00000	00000	00000				
31	136	2	100	011	00000	00000						
32	137	2	100	011	00000	00000						
33	138	2	100	011	00000	00000						
34	140	2	100	011	00000	00000						
35	141	2	100	011	00000	00000						
36	156	2	100	011	00000	00000						
38	167	2	100	011	00000	00000						
39	170	2	100	011	00000	00000						
40	173	3	100	010	011	00000	00000	00000				
41	178	3	100	010	011	00000	00000	00000				
43	185	2	100	011	00000	00000						
44	186	3	100	010	011	00000	00000	00000				
45	189	2	100	011	00000	00000						
46	193	3	100	010	011	00000	00000	00000				
50	227	2	100	011	00000	00000						
51	231	2	100	011	00000	00000						
52	232	2	100	011	00000	00000						
53	238	3	100	010	011	00000	00000	00000				
54	239	2	100	011	00000	00000						
55	240	3	100	010	011	00000	00000	00000				
56	242	2	100	011	00000	00000						
57	248	2	100	011	00000	00000						
58	259	2	100	011	00000	00000						
61	291	3	100	010	011	00000	00000   00000						
65	309	2	100	011	00000	00000						
66	315	3	100	010	011	00000	00000	00000				
67	317	3	100	010	011	00000	00000	00000				
68	318	2	100	011	00000	00000						
69	319	2	100	011	00000	00000						
70	320	2	100	011	00000	00000						
71	324	2	100	011	00000	00000						
72	325	2	100	011	00000	00000						
73	326	2	100	011	00000	00000						
74	332	2	100	011	00000	00000						
75	342	2	100	011	00000	00000						
76	347	2	100	011	00000	00000						
79	355	2	100	011	00000	00000						
80	361	2	100	011	00000	00000						
81	363	2	100	011	00000	00000						
82	367	2	100	011	00000	00000						
83	371	2	100	011	00000	00000						
84	374	3	100	010	011	00000	00000	00000				
85	376	2	100	011	00000	00000						
86	381	2	100	011	00000	00000						
87	382	3	100	010	011	00000	00000	00000				
88	384	2	100	011	00000	00000						
89	428	2	100	011	00000	00000						
90	431	2	100	011	00000	00000						
91	440	2	100	011	00000	00000						
92	472	2	100	011	00000	00000						
93	473	3	100	010	011	00000	00000	00000				
94	479	2	100	011	00000	00000						
95	483	2	100	011	00000	00000						
96	485	2	100	011	00000	00000						
97	491	2	100	011	00000	00000						
98	498	2	100	011	00000	00000						
99	499	2	100	011	00000	00000						
100	500	2	100	011	00000	00000						
101	518	2	100	011	00000	00000						
102	520	2	100	011	00000	00000						
103	523	2	100	011	00000	00000						
104	525	2	100	011	00000	00000						
105	526	2	100	011	00000	00000						
106	527	2	100	011	00000	00000						
107	528	2	100	011	00000	00000						
108	529	2	100	011	00000	00000						
109	530	2	100	011	00000	00000						
110	532	2	100	011	00000	00000						
111	533	2	100	011	00000	00000						
112	534	2	100	011	00000	00000						
113	535	2	100	011	00000	00000						
114	536	2	100	011	00000	00000						
115	537	2	100	011	00000	00000						
116	538	2	100	011	00000	00000						
117	540	2	100	011	00000	00000						
118	547	2	100	011	00000	00000						
119	548	3	100	010	011	00000	00000	00000				
120	549	2	100	011	00000	00000						
121	550	3	100	010	011	00000	00000	00000				
122	551	2	100	011	00000	00000						
123	554	2	100	011	00000	00000						
124	556	2	100	011	00000	00000						
125	559	2	100	011	00000	00000						
126	562	2	100	011	00000	00000						
127	563	2	100	011	00000	00000						
128	565	2	100	011	00000	00000						
129	566	2	100	011	00000	00000						
130	567	2	100	011	00000	00000						
131	568	2	100	011	00000	00000						
134	593	2	100	011	00000	00000						
135	598	2	100	011	00000	00000						
136	601	2	100	011	00000	00000						
137	613	3	100	010	011	00000	00000	00000				
138	622	2	100	011	00000	00000						
139	626	2	100	011	00000	00000						
140	627	2	100	011	00000	00000						
141	629	2	100	011	00000	00000						
142	630	2	100	011	00000	00000						
143	631	2	100	011	00000	00000						
144	637	3	100	010	011	00000	00000	00000				
145	640	3	100	010	011	00000	00000	00000				
146	653	2	100	011	00000	00000						
147	660	2	100	011	00000	00000						
148	661	2	100	011	00000	00000						
149	671	4	100	110	010	011	00000	00000	00000	00000		
150	675	2	100	011	00000	00000						
151	676	2	100	011	00000	00000						
152	684	2	100	011	00000	00000						
153	685	2	100	011	00000	00000						
154	686	3	100	010	011	00000	00000	00000				
155	687	2	100	011	00000	00000						
156	689	2	100	011	00000	00000						
157	698	3	100	010	011	00000	00000	00000				
158	700	2	100	011	00000	00000						
159	702	2	100	011	00000	00000						
160	708	2	100	011	00000	00000						
161	710	2	100	011	00000	00000						
162	713	2	100	011	00000	00000						
163	717	2	100	011	00000	00000						
164	728	2	100	011	00000	00000						
165	729	2	100	011	00000	00000						
166	731	3	100	010	011	00000	00000	00000				
167	737	2	100	011	00000	00000						
168	738	2	100	011	00000	00000						
169	739	2	100	011	00000	00000						
170	740	2	100	011	00000	00000						
171	743	2	100	011	00000	00000						
172	744	2	100	011	00000	00000						
173	746	3	100	010	011	00000	00000	00000				
174	747	2	100	011	00000	00000						
175	753	2	100	011	00000	00000						
176	754	2	100	011	00000	00000						
177	755	2	100	011	00000	00000						
178	761	3	100	010	011	00000	00000	00000				
179	762	3	100	010	011	00000	00000	00000				
180	763	2	100	011	00000	00000						
181	764	2	100	011	00000	00000						
182	765	2	100	011	00000	00000						
183	766	2	100	011	00000	00000						
184	771	2	100	011	00000	00000						
186	774	2	100	011	00000	00000						
187	776	3	100	010	011	00000	00000	00000				
188	777	3	100	010	011	00000	00000	00000				
189	779	2	100	011	00000	00000						
190	780	3	100	010	011	00000	00000	00000				
200	818	3	100	010	011	00000	00000	00000				
209	837	2	100	011	00000	00000						
214	844	2	100	011	00000	00000						
215	847	2	100	011	00000	00000						
216	849	3	100	010	011	00000	00000	00000				
217	850	2	100	011	00000	00000						
218	851	3	100	010	011	00000	00000	00000				
219	852	2	100	011	00000	00000						
220	853	2	100	011	00000	00000						
221	855	2	100	011	00000	00000						
222	857	2	100	011	00000	00000						
223	858	2	100	011	00000	00000						
224	859	2	100	011	00000	00000						
226	866	2	100	011	00000	00000						
227	872	2	100	011	00000	00000						
228	874	2	100	011	00000	00000						
229	882	2	100	011	00000	00000						
230	886	2	100	011	00000	00000						
231	888	3	100	010	011	00000	00000	00000				
232	891	2	100	011	00000	00000						
233	892	2	100	011	00000	00000						
234	893	2	100	011	00000	00000						
235	897	2	100	011	00000	00000						
236	900	2	100	011	00000	00000						
237	905	2	100	011	00000	00000						
238	909	2	100	011	00000	00000						
239	911	3	100	010	011	00000	00000	00000				
240	916	2	100	011	00000	00000						
241	917	2	100	011	00000	00000						
242	919	2	100	011	00000	00000						
243	927	2	100	011	00000	00000						
244	929	2	100	011	00000	00000						
245	932	3	100	010	011	00000	00000	00000				
246	933	3	100	010	011	00000	00000	00000				
247	934	2	100	011	00000	00000						
248	936	2	100	011	00000	00000						
249	941	2	100	011	00000	00000						
250	942	2	100	011	00000	00000						
251	945	2	100	011	00000	00000						
252	947	2	100	011	00000	00000						
253	948	3	100	010	011	00000	00000	00000				
254	964	2	100	011	00000	00000						
255	966	3	100	010	011	00000	00000	00000				
258	987	2	100	011	00000	00000						
259	999	2	100	011	00000	00000						
263	1026	3	100	010	011	00000	00000	00000				
264	1037	2	100	011	00000	00000						
265	1039	2	100	011	00000	00000						
266	1040	2	100	011	00000	00000						
267	1042	2	100	011	00000	00000						
269	1051	2	100	011	00000	00000						
270	1055	2	100	011	00000	00000						
271	1108	3	100	010	011	00000	00000	00000				
272	1159	2	100	011	00000	00000						
273	1181	2	100	011	00000	00000						
274	1183	2	100	011	00000	00000						
275	1184	3	100	010	011	00000	00000	00000				
276	1206	2	100	011	00000	00000						
277	1232	2	100	011	00000	00000						
278	1250	2	100	011	00000	00000						
279	1252	2	100	011	00000	00000						
280	1254	2	100	011	00000	00000						
281	1256	3	100	010	011	00000	00000	00000				
282	1283	2	100	011	00000	00000						
283	1306	2	100	011	00000	00000						
284	1322	3	100	010	011	00000	00000	00000				
285	1350	2	100	011	00000	00000						
286	1354	3	100	010	011	00000	00000	00000				
287	1448	2	100	011	00000	00000						
289	1470	2	100	011	00000	00000						
290	1473	3	100	011	001	00000	00000	00000						
291	1476	2	100	011	00000	00000						
292	1484	3	100	010	011	00000	00000	00000				
293	1500	2	100	011	00000	00000						
294	1503	2	100	011	00000	00000						
295	1507	2	100	011	00000	00000						
296	1509	2	100	011	00000	00000						
297	1510	2	100	011	00000	00000						
298	1512	3	100	010	011	00000	00000	00000				
299	1516	2	100	011	00000	00000						
300	1518	2	100	011	00000	00000						
301	1519	2	100	011	00000	00000						
302	1522	2	100	011	00000	00000						
303	1524	2	100	011	00000	00000						
304	1526	3	100	010	011	00000	00000	00000				
306	1535	2	100	011	00000	00000						
307	1545	2	100	011	00000	00000						
308	1547	2	100	011	00000	00000						
309	1548	2	100	011	00000	00000						
310	1549	2	100	011	00000	00000						
311	1559	2	100	011	00000	00000						
312	1566	4	100	110	010	011	00000	00000	00000	00000		
315	1594	2	100	011	00000	00000						
317	1641	2	100	011	00000	00000						
324	1661	2	100	011	00000	00000						
327	1696	3	100	010	011	00000	00000	00000				
328	1697	2	100	011	00000	00000						
329	1698	2	100	011	00000	00000						
330	1700	3	100	010	011	00000	00000	00000				
331	1705	2	100	011	00000	00000						
332	1707	2	100	011	00000	00000						
334	1711	2	100	011	00000	00000						
335	1719	2	100	011	00000	00000						
336	1720	2	100	011	00000	00000						
337	1722	2	100	011	00000	00000						
338	1736	3	100	010	011	00000	00000	00000				
339	1745	2	100	011	00000	00000						
341	1747	2	100	011	00000	00000						
342	1752	3	100	010	011	00000	00000	00000				
343	1754	2	100	011	00000	00000						
344	1756	2	100	011	00000	00000						
345	1759	2	100	011	00000	00000						
346	1760	2	100	011	00000	00000						
347	1763	2	100	011	00000	00000						
348	1765	2	100	011	00000	00000						
353	1777	3	100	010	011	00000	00000	00000				
354	1779	2	100	011	00000	00000						
355	1780	2	100	011	00000	00000						
356	1784	2	100	011	00000	00000						
357	1788	2	100	011	00000	00000						
358	1791	2	100	011	00000	00000						
359	1792	2	100	011	00000	00000						
360	1794	2	100	011	00000	00000						
361	1795	2	100	011	00000	00000						
362	1796	2	100	011	00000	00000						
363	1797	2	100	011	00000	00000						
364	1800	3	100	010	011	00000	00000	00000				
365	1802	2	100	011	00000	00000						
366	1803	2	100	011	00000	00000						
367	1805	2	100	011	00000	00000						
368	1806	2	100	011	00000	00000						
369	1808	2	100	011	00000	00000						
370	1809	3	100	010	011	00000	00000	00000				
371	1811	2	100	011	00000	00000						
372	1812	2	100	011	00000	00000						
373	1813	2	100	011	00000	00000						
374	1815	2	100	011	00000	00000						
375	1816	2	100	011	00000	00000						
376	1819	3	100	010	011	00000	00000	00000				
377	1821	2	100	011	00000	00000						
378	1822	2	100	011	00000	00000						
379	1823	3	100	010	011	00000	00000	00000				
380	1826	2	100	011	00000	00000						
381	1831	2	100	011	00000	00000						
382	1832	3	100	010	011	00000	00000	00000				
383	1834	2	100	011	00000	00000						
384	1835	2	100	011	00000	00000						
385	1837	3	100	010	011	00000	00000	00000				
386	1841	2	100	011	00000	00000						
387	1843	2	100	011	00000	00000						
391	1868	2	100	011	00000	00000						
392	1874	2	100	011	00000	00000						
393	1875	2	100	011	00000	00000						
394	1877	2	100	011	00000	00000						
397	1949	2	100	011	00000	00000						
398	1953	2	100	011	00000	00000						
399	1976	2	100	011	00000	00000						
400	1977	2	100	011	00000	00000						
401	1979	3	100	010	011	00000	00000	00000				
402	1982	3	100	010	011	00000	00000	00000				
403	1983	2	100	011	00000	00000						
404	1984	2	100	011	00000	00000						
405	1986	3	100	010	011	00000	00000	00000				
406	1988	2	100	011	00000	00000						
407	1989	3	100	010	011	00000	00000	00000				
408	1992	3	100	010	011	00000	00000	00000				
409	1994	2	100	011	00000	00000						
410	2001	2	100	011	00000	00000						
411	2002	3	100	010	011	00000	00000	00000				
412	2003	2	100	011	00000	00000						
413	2004	2	100	011	00000	00000						
414	2008	3	100	010	011	00000	00000	00000				
415	2009	3	100	010	011	00000	00000	00000				
416	2010	3	100	010	011	00000	00000   00000						
417	2012	2	100	011	00000	00000						
418	2026	2	100	011	00000	00000						
419	2028	3	100	010	011	00000	00000	00000				
420	2029	2	100	011	00000	00000						
421	2030	3	100	010	011	00000	00000	00000				
422	2032	3	100	011	011	00000	00000	00000				
423	2034	2	100	011	00000	00000						
424	2038	3	100	010	011	00000	00000	00000				
425	2039	2	100	011	00000	00000						
426	2041	2	100	011	00000	00000						
427	2042	2	100	011	00000	00000						
428	2043	3	100	010	011	00000	00000	00000				
429	2045	2	100	011	00000	00000						
431	2047	2	100	011	00000	00000						
432	2048	2	100	011	00000	00000						
433	2050	2	100	011	00000	00000						
434	2051	2	100	011	00000	00000						
435	2053	2	100	011	00000	00000						
436	2055	3	100	010	011	00000	00000	00000				
437	2056	5	100	110	010	010	011	00000	00000	00000	00000	00000
438	2058	3	100	010	011	00000	00000	00000				
439	2059	3	100	010	011	00000	00000	00000				
440	2060	3	100	010	011	00000	00000	00000				
441	2061	2	100	011	00000	00000						
442	2062	2	100	011	00000	00000						
443	2063	3	100	100	011	00000	00000	00000						
444	2066	2	100	011	00000	00000						
445	2067	2	100	011	00000	00000						
446	2069	2	100	011	00000	00000						
447	2080	2	100	011	00000	00000						
448	2081	2	100	011	00000	00000						
449	2082	2	100	011	00000	00000						
450	2083	2	100	011	00000	00000						
451	2085	2	100	011	00000	00000						
452	2086	2	100	011	00000	00000						
453	2087	2	100	011	00000	00000						
454	2088	2	100	011	00000	00000						
455	2089	2	100	011	00000	00000						
456	2090	2	100	011	00000	00000						
457	2091	2	100	011	00000	00000						
458	2092	2	100	011	00000	00000						
459	2093	2	100	011	00000	00000						
460	2094	2	100	011	00000	00000						
461	2095	2	100	011	00000	00000						
462	2096	2	100	011	00000	00000						
463	2097	2	100	011	00000	00000						
464	2098	3	100	010	011	00000	00000	00000				
465	2099	2	100	011	00000	00000						
466	2100	2	100	011	00000	00000						
467	2101	2	100	011	00000	00000						
468	2104	3	100	010	011	00000	00000	00000				
469	2105	3	100	010	011	00000	00000	00000				
470	2107	2	100	011	00000	00000						
471	2108	2	100	011	00000	00000						
473	2114	2	100	011	00000	00000						
475	2129	4	100	010	001	001	00000	00000	00000	00000							
476	2133	3	100	010	011	00000	00000	00000				
478	2135	2	100	011	00000	00000						
479	2140	2	100	011	00000	00000						
481	2143	4	100	110	010	011	00000	00000	00000	00000		
482	2149	3	100	010	011	00000	00000	00000					
483	2151	2	100	011	00000	00000						
484	2155	2	100	011	00000	00000						
485	2157	2	100	011	00000	00000						
486	2162	2	100	011	00000	00000						
487	2165	3	100	010	011	00000	00000	00000				
488	2167	2	100	011	00000	00000						
489	2170	2	100	011	00000	00000						
490	2173	2	100	011	00000	00000						
492	2176	2	100	011	00000	00000						
493	2178	2	100	011	00000	00000						
494	2179	2	100	011	00000	00000						
495	2180	2	100	011	00000	00000						
496	2181	2	100	011	00000	00000						
497	2184	2	100	011	00000	00000						
498	2186	2	100	011	00000	00000						
499	2192	2	100	011	00000	00000						
501	2203	2	100	011	00000	00000						
502	2206	2	100	011	00000	00000						
504	2211	3	100	010	011	00000	00000	00000				
505	2212	3	100	010	011	00000	00000	00000				
506	2213	2	100	011	00000	00000						
507	2214	2	100	011	00000	00000						
508	2215	2	100	011	00000	00000						
509	2216	4	100	110	010	011	00000	00000	00000	00000		
510	2217	2	100	011	00000	00000						
511	2218	2	100	011	00000	00000						
512	2220	2	100	011	00000	00000						
513	2221	2	100	011	00000	00000						
514	2223	2	100	011	00000	00000						
515	2225	2	100	011	00000	00000						
516	2227	2	100	011	00000	00000						
518	2231	2	100	011	00000	00000						
521	2240	2	100	011	00000	00000						
522	2241	2	100	011	00000	00000						
523	2242	2	100	011	00000	00000						
524	2244	2	100	011	00000	00000						
525	2246	2	100	011	00000	00000						
526	2249	2	100	011	00000	00000						
528	2256	2	100	011	00000	00000						
529	2257	3	100	010	011	00000	00000	00000				
531	2259	3	100	010	011	00000	00000	00000				
534	2268	3	100	010	011	00000	00000	00000				
536	2273	2	100	011	00000	00000						
538	2286	2	100	011	00000	00000						
539	2287	2	100	011	00000	00000						
540	2289	3	100	010	011	00000	00000	00000				
541	2290	3	100	010	011	00000	00000	00000				
542	2291	3	100	010	011	00000	00000	00000				
543	2293	2	100	011	00000	00000						
544	2298	2	100	011	00000	00000						
545	2299	2	100	011	00000	00000						
546	2302	2	100	011	00000	00000						
547	2305	2	100	011	00000	00000						
548	2306	2	100	011	00000	00000						
549	2314	2	100	011	00000	00000						
550	2320	2	100	011	00000	00000						
551	2321	3	100	010	011	00000	00000	00000				
552	2322	3	100	010	011	00000	00000	00000				
553	2346	2	100	011	00000	00000						
554	2354	2	100	011	00000	00000						
555	2361	2	100	011	00000	00000						
556	2362	2	100	011	00000	00000						
557	2363	3	100	010	011	00000	00000	00000				
558	2365	2	100	011	00000	00000						
559	2367	2	100	011	00000	00000						
560	2374	2	100	011	00000	00000						
563	2389	2	100	011	00000	00000						
564	2393	2	100	011	00000	00000						
566	2402	5	100	100	010	010	011	00000	00000	00000	00000	00000						
567	2415	2	100	011	00000	00000						
568	2422	2	100	011	00000	00000						
569	2425	2	100	011	00000	00000						
570	2426	2	100	011	00000	00000						
571	2429	3	100	010	011	00000	00000	00000				
572	2430	3	100	010	011	00000	00000	00000				
573	2433	2	100	011	00000	00000						
574	2434	2	100	011	00000	00000						
575	2445	2	100	011	00000	00000						
576	2453	2	100	011	00000	00000						
577	2455	3	100	010	011	00000	00000	00000				
578	2456	2	100	011	00000	00000						
579	2464	2	100	011	00000	00000						
580	2470	4	100	110	010	011	00000	00000	00000	00000		
581	2472	3	100	010	011	00000	00000	00000				
582	2473	3	100	010	011	00000	00000	00000						
583	2479	3	100	010	011	00000	00000	00000						
584	2482	2	100	011	00000	00000						
585	2491	2	100	011	00000	00000						
586	2498	2	100	011	00000	00000						
587	2499	2	100	011	00000	00000						
588	2501	2	100	011	00000	00000						
589	2508	2	100	011	00000	00000						
590	2513	2	100	011	00000	00000						
591	2514	2	100	011	00000	00000						
592	2519	2	100	011	00000	00000						
593	2521	2	100	011	00000	00000						
594	2526	3	100	010	011	00000	00000	00000				
595	2527	2	100	011	00000	00000						
598	2531	2	100	011	00000	00000						
599	2534	2	100	011	00000	00000						
600	2536	2	100	011	00000	00000						
601	2537	2	100	011	00000	00000						
602	2538	2	100	011	00000	00000						
603	2540	2	100	011	00000	00000						
604	2542	2	100	011	00000	00000						
605	2546	2	100	011	00000	00000						
606	2549	3	100	010	011	00000	00000	00000				
607	2550	2	100	011	00000	00000						
608	2556	2	100	011	00000	00000						
609	2557	2	100	011	00000	00000						
610	2562	2	100	011	00000	00000						
611	2564	2	100	011	00000	00000						
612	2565	2	100	011	00000	00000						
613	2583	2	100	011	00000	00000						
614	2586	3	100	010	011	00000	00000	00000				
615	2587	2	100	011	00000	00000						
616	2590	2	100	011	00000	00000						
617	2598	2	100	011	00000	00000						
618	2603	2	100	011	00000	00000						
619	2606	2	100	011	00000	00000						
620	2607	2	100	011	00000	00000						
621	2609	2	100	011	00000	00000						
622	2612	3	100	010	011	00000	00000	00000				
623	2620	2	100	011	00000	00000						
624	2621	2	100	011	00000	00000						
625	2622	2	100	011	00000	00000						
626	2625	2	100	011	00000	00000						
627	2626	2	100	011	00000	00000						
628	2632	2	100	011	00000	00000						
629	2633	2	100	011	00000	00000						
630	2635	2	100	011	00000	00000						
631	2636	2	100	011	00000	00000						
632	2637	2	100	011	00000	00000						
633	2638	2	100	011	00000	00000						
634	2640	2	100	011	00000	00000						
635	2641	2	100	011	00000	00000						
636	2642	2	100	011	00000	00000						
637	2643	2	100	011	00000	00000						
638	2644	2	100	011	00000	00000						
639	2648	2	100	011	00000	00000						
640	2650	2	100	011	00000	00000						
641	2656	2	100	011	00000	00000						
642	2662	2	100	011	00000	00000						
643	2664	2	100	011	00000	00000						
644	2666	2	100	011	00000	00000						
645	2667	2	100	011	00000	00000						
646	2669	2	100	011	00000	00000						
647	2671	2	100	011	00000	00000						
648	2678	2	100	011	00000	00000						
649	2680	2	100	011	00000	00000						
650	2681	2	100	011	00000	00000						
651	2685	2	100	011	00000	00000						
652	2689	2	100	011	00000	00000						
653	2702	3	100	010	011	00000	00000	00000				
654	2704	2	100	011	00000	00000						
655	2705	2	100	011	00000	00000						
656	2716	2	100	011	00000	00000						
657	2719	2	100	011	00000	00000						
658	2720	2	100	011	00000	00000						
659	2723	2	100	011	00000	00000						
660	2726	3	100	010	011	00000	00000	00000				
661	2730	2	100	011	00000	00000						
662	2741	3	100	010	011	00000	00000	00000				
663	2742	2	100	011	00000	00000						
664	2754	2	100	011	00000	00000						
665	2758	2	100	011	00000	00000						
666	2762	2	100	011	00000	00000						
667	2770	2	100	011	00000	00000						
668	2772	2	100	011	00000	00000						
669	2783	2	100	011	00000	00000						
670	2786	2	100	011	00000	00000						
671	2788	2	100	011	00000	00000						
672	2789	2	100	011	00000	00000						
674	2794	2	100	011	00000	00000						
675	2797	3	100	010	011	00000	00000	00000				
678	2804	2	100	011	00000	00000						
679	2806	2	100	011	00000	00000						
680	2807	2	100	011	00000	00000						
681	2808	3	100	010	011	00000	00000	00000				
682	2809	3	100	010	011	00000	00000	00000				
683	2811	3	100	010	011	00000	00000	00000				
684	2813	2	100	011	00000	00000						
685	2820	2	100	011	00000	00000						
686	2821	2	100	011	00000	00000						
687	2822	3	100	010	011	00000	00000	00000				
690	2829	2	100	011	00000	00000						
691	2834	2	100	011	00000	00000						
692	2835	2	100	011	00000	00000						
693	2838	3	100	010	011	00000	00000	00000				
694	2839	3	100	010	011	00000	00000	00000				
695	2842	2	100	011	00000	00000						
696	2843	2	100	011	00000	00000						
697	2844	2	100	011	00000	00000						
698	2846	2	100	011	00000	00000						
699	2847	3	100	010	011	00000	00000	00000				
700	2851	2	100	011	00000	00000						
701	2852	3	100	010	011	00000	00000	00000				
702	2857	2	100	011	00000	00000						
703	2861	3	100	010	011	00000	00000	00000				
704	2864	2	100	011	00000	00000						
705	2869	2	100	011	00000	00000						
706	2871	2	100	011	00000	00000						
707	2872	2	100	011	00000	00000						
708	2873	2	100	011	00000	00000						
710	2876	2	100	011	00000	00000						
711	2881	2	100	011	00000	00000						
712	2887	3	100	010	011	00000	00000	00000				
713	2889	2	100	011	00000	00000						
714	2891	2	100	011	00000	00000						
715	2893	2	100	011	00000	00000						
716	2896	2	100	011	00000	00000						
717	2900	2	100	011	00000	00000						
718	2906	2	100	011	00000	00000						
719	2912	2	100	011	00000	00000						
720	2914	2	100	011	00000	00000						
721	2916	2	100	011	00000	00000						
722	2927	2	100	011	00000	00000						
723	2929	2	100	011	00000	00000						
724	2936	2	100	011	00000	00000						
725	2937	2	100	011	00000	00000						
726	2938	2	100	011	00000	00000						
727	2945	3	100	010	011	00000	00000	00000				
728	2948	2	100	011	00000	00000						
729	2949	2	100	011	00000	00000						
730	2950	3	100	010	011	00000	00000	00000				
731	2951	3	100	010	011	00000	00000	00000				
732	2954	2	100	011	00000	00000						
733	2956	2	100	011	00000	00000						
734	2959	2	100	011	00000	00000						
735	2961	3	100	010	011	00000	00000	00000				
736	2974	2	100	011	00000	00000						
737	2975	2	100	011	00000	00000						
738	2977	2	100	011	00000	00000						
739	2978	3	100	011	011	00000	00000	00000						
740	2983	2	100	011	00000	00000						
741	2984	3	100	010	011	00000	00000	00000				
742	2987	2	100	011	00000	00000						
743	2998	2	100	011	00000	00000						
744	3000	2	100	011	00000	00000						
745	3003	2	100	011	00000	00000						
746	3010	2	100	011	00000	00000						
747	3011	2	100	011	00000	00000						
748	3012	2	100	011	00000	00000						
749	3015	3	100	010	011	00000	00000	00000				
750	3018	3	100	010	011	00000	00000	00000				
751	3021	2	100	011	00000	00000						
752	3022	2	100	011	00000	00000						
753	3023	2	100	011	00000	00000						
754	3026	2	100	011	00000	00000						
755	3035	2	100	011	00000	00000						
756	3047	2	100	011	00000	00000						
758	3059	2	100	011	00000	00000						
759	3064	2	100	011	00000	00000						
760	3065	3	100	010	011	00000	00000	00000				
761	3067	2	100	011	00000	00000						
762	3068	2	100	011	00000	00000						
763	3069	2	100	011	00000	00000						
764	3071	2	100	011	00000	00000						
765	3073	2	100	011	00000	00000						
766	3078	3	100	010	011	00000	00000	00000						
767	3085	2	100	011	00000	00000						
769	3097	2	100	011	00000	00000						
770	3099	3	100	010	011	00000	00000	00000				
771	3101	2	100	011	00000	00000						
772	3103	2	100	011	00000	00000						
773	3104	2	100	011	00000	00000						
774	3105	2	100	011	00000	00000						
775	3106	2	100	011	00000	00000						
776	3110	2	100	011	00000	00000						
777	3111	2	100	011	00000	00000						
778	3112	2	100	011	00000	00000						
779	3116	3	100	010	011	00000	00000	00000				
780	3117	2	100	011	00000	00000						
781	3118	2	100	011	00000	00000						
782	3120	2	100	011	00000	00000						
783	3122	2	100	011	00000	00000						
784	3126	3	100	010	011	00000	00000	00000				
785	3128	2	100	011	00000	00000						
786	3129	3	100	010	011	00000	00000	00000				
788	3138	2	100	011	00000	00000						
789	3142	2	100	011	00000	00000						
790	3144	2	100	011	00000	00000						
791	3145	2	100	011	00000	00000						
792	3149	3	100	010	011	00000	00000	00000				
793	3155	2	100	011	00000	00000						
794	3156	2	100	011	00000	00000						
795	3166	2	100	011	00000	00000						
796	3167	2	100	011	00000	00000						
797	3170	3	100	010	011	00000	00000	00000				
798	3172	2	100	011	00000	00000						
799	3173	2	100	011	00000	00000						
800	3174	3	100	010	011	00000	00000	00000				
801	3176	2	100	011	00000	00000						
802	3180	2	100	011	00000	00000						
803	3183	3	100	010	011	00000	00000	00000						
804	3184	2	100	011	00000	00000						
805	3185	2	100	011	00000	00000						
806	3186	2	100	011	00000	00000						
808	3190	3	100	010	011	00000	00000	00000				
809	3202	2	100	011	00000	00000						
810	3204	2	100	011	00000	00000						
811	3205	3	100	010	011	00000	00000	00000				
812	3208	2	100	011	00000	00000						
813	3209	2	100	011	00000	00000						
814	3213	2	100	011	00000	00000						
815	3215	2	100	011	00000	00000						
816	3217	3	100	010	011	00000	00000	00000				
817	3218	2	100	011	00000	00000						
819	3221	2	100	011	00000	00000						
820	3228	2	100	011	00000	00000						
821	3229	2	100	011	00000	00000						
822	3230	2	100	011	00000	00000						
823	3231	2	100	011	00000	00000						
824	3233	2	100	011	00000	00000						
825	3234	2	100	011	00000	00000						
826	3235	2	100	011	00000	00000						
827	3236	2	100	011	00000	00000						
828	3237	2	100	011	00000	00000						
831	3242	3	100	010	011	00000	00000	00000				
832	3243	2	100	011	00000	00000						
833	3244	2	100	011	00000	00000						
834	3246	2	100	011	00000	00000						
835	3247	2	100	011	00000	00000						
837	3249	2	100	011	00000	00000						
838	3250	3	100	010	011	00000	00000	00000				
839	3254	2	100	011	00000	00000						
840	3257	2	100	011	00000	00000						
841	3259	3	100	010	011	00000	00000	00000				
842	3260	3	100	010	011	00000	00000	00000				
843	3261	3	100	010	011	00000	00000	00000				
844	3262	2	100	011	00000	00000						
845	3263	2	100	011	00000	00000						
846	3267	2	100	011	00000	00000						
847	3268	2	100	011	00000	00000						
848	3269	2	100	011	00000	00000						
849	3271	2	100	011	00000	00000						
850	3272	3	100	010	011	00000	00000	00000				
851	3273	2	100	011	00000	00000						
852	3274	2	100	011	00000	00000						
853	3277	2	100	011	00000	00000						
854	3278	2	100	011	00000	00000						
855	3279	2	100	011	00000	00000						
856	3280	3	100	010	011	00000	00000	00000				
857	3281	2	100	011	00000	00000						
858	3282	2	100	011	00000	00000						
859	3283	2	100	011	00000	00000						
860	3284	3	100	010	011	00000	00000	00000				
861	3288	2	100	011	00000	00000						
862	3289	2	100	011	00000	00000						
863	3291	2	100	011	00000	00000						
864	3293	3	100	010	011	00000	00000	00000				
865	3294	3	100	010	011	00000	00000	00000				
866	3296	2	100	011	00000	00000						
867	3297	2	100	011	00000	00000						
868	3298	3	100	010	011	00000	00000	00000				
869	3299	2	100	011	00000	00000						
870	3300	2	100	011	00000	00000						
871	3303	2	100	011	00000	00000						
872	3306	3	100	010	011	00000	00000	00000				
873	3307	3	100	010	011	00000	00000	00000				
874	3308	2	100	011	00000	00000						
875	3312	2	100	011	00000	00000						
876	3321	2	100	011	00000	00000						
877	3322	2	100	011	00000	00000						
878	3331	3	100	010	011	00000	00000	00000				
879	3333	2	100	011	00000	00000						
880	3336	2	100	011	00000	00000						
881	3338	2	100	011	00000	00000						
882	3339	2	100	011	00000	00000						
883	3342	2	100	011	00000	00000						
884	3344	2	100	011	00000	00000						
885	3351	2	100	011	00000	00000						
886	3357	2	100	011	00000	00000						
887	3359	2	100	011	00000	00000						
888	3360	2	100	011	00000	00000						
889	3361	3	100	010	011	00000	00000	00000				
890	3362	2	100	011	00000	00000						
891	3363	3	100	010	011	00000	00000	00000				
892	3367	2	100	011	00000	00000						
893	3368	3	100	010	011	00000	00000	00000				
894	3369	3	100	010	011	00000	00000	00000				
895	3370	3	100	010	011	00000	00000	00000						
896	3371	2	100	011	00000	00000						
897	3372	3	100	010	011	00000	00000	00000				
898	3373	2	100	011	00000	00000						
899	3375	3	100	010	011	00000	00000	00000				
900	3379	2	100	011	00000	00000						
901	3381	3	100	010	011	00000	00000	00000				
902	3383	2	100	011	00000	00000						
903	3384	2	100	011	00000	00000						
904	3385	3	100	010	011	00000	00000	00000				
906	3394	2	100	011	00000	00000						
907	3397	2	100	011	00000	00000						
908	3401	2	100	011	00000	00000						
909	3404	2	100	011	00000	00000						
910	3406	3	100	010	011	00000	00000	00000						
911	3410	2	100	011	00000	00000						
912	3412	2	100	011	00000	00000						
913	3413	3	100	010	011	00000	00000	00000				
914	3414	2	100	011	00000	00000						
915	3415	3	100	010	011	00000	00000	00000				
916	3417	2	100	011	00000	00000						
917	3418	2	100	011	00000	00000						
918	3420	2	100	011	00000	00000						
919	3421	2	100	011	00000	00000						
920	3425	2	100	011	00000	00000						
921	3426	3	100	010	011	00000	00000	00000				
922	3427	2	100	011	00000	00000						
923	3428	3	100	010	011	00000	00000	00000				
924	3432	2	100	011	00000	00000						
925	3435	2	100	011	00000	00000						
926	3436	2	100	011	00000	00000						
927	3438	2	100	011	00000	00000						
928	3439	2	100	011	00000	00000						
929	3440	2	100	011	00000	00000						
930	3441	2	100	011	00000	00000						
931	3442	2	100	011	00000	00000						
932	3443	2	100	011	00000	00000						
933	3445	2	100	011	00000	00000						
934	3446	2	100	011	00000	00000						
935	3447	2	100	011	00000	00000						
936	3448	2	100	011	00000	00000						
937	3449	2	100	011	00000	00000						
938	3450	2	100	011	00000	00000						
939	3451	2	100	011	00000	00000						
940	3452	2	100	011	00000	00000						
941	3459	3	100	010	011	00000	00000	00000						
942	3461	2	100	011	00000	00000						
943	3466	3	100	011	011	00000	00000	00000				
944	3467	3	100	010	011	00000	00000	00000				
945	3475	2	100	011	00000	00000						
946	3476	2	100	011	00000	00000						
947	3482	2	100	011	00000	00000						
948	3484	2	100	011	00000	00000						
949	3485	2	100	011	00000	00000						
950	3488	2	100	011	00000	00000						
951	3489	2	100	011	00000	00000						
953	3491	2	100	011	00000	00000						
954	3493	2	100	011	00000	00000						
955	3500	2	100	011	00000	00000						
956	3501	2	100	011	00000	00000						
957	3503	2	100	011	00000	00000						
958	3505	2	100	011	00000	00000						
959	3509	2	100	011	00000	00000						
960	3510	3	100	010	011	00000	00000	00000				
961	3514	3	100	010	011	00000	00000	00000				
962	3516	2	100	011	00000	00000						
963	3520	3	100	010	011	00000	00000	00000				
964	3521	3	100	010	011	00000	00000	00000				
965	3523	3	100	010	011	00000	00000	00000				
966	3524	2	100	011	00000	00000						
967	3526	2	100	011	00000	00000						
968	3527	2	100	011	00000	00000						
969	3528	2	100	011	00000	00000						
970	3529	2	100	011	00000	00000						
971	3532	2	100	011	00000	00000						
972	3533	2	100	011	00000	00000						
973	3535	2	100	011	00000	00000						
974	3543	2	100	011	00000	00000						
976	3547	2	100	011	00000	00000						
978	3550	2	100	011	00000	00000						
979	3554	2	100	011	00000	00000						
980	3556	3	100	010	011	00000	00000	00000				
981	3558	3	100	010	011	00000	00000	00000				
983	3563	2	100	011	00000	00000						
986	3151	3	100	101	001	00000	00000	00000
987	2193	3	100	110	010	00000	00000	00000
988	166	4	100	100	010	001	00000	00000	00000	00000
989	2258	3	100	110	001	00000	00000	00000
990	1114	2	100	001	00000	00000	00000
991	1488	2	100	001	00000	00000
992	2111	3	100	010	011	000000  00000 00000
993	2271	2	100	001	00000	00000
994	1639	2	100	010	00000	00000
995	1640	2	100	001	00000	00000
996	3159	2	100	011	00000	00000
997	3245	2	100	011	00000	00000
998	202	3	100	010	001	00000	00000	00000
999	3091	3	100	010	011	00000	00000	00000
1000	2405	4	100	010	001	001	00000	00000	00000	00000