Node file for LA Subnet 3 
1628	0.8	0.8
1	65.945	103.11	1	-1	0
2	65.948	102.76	1	-2	0
3	65.948	103.35	1	-3	0
4	65.95	102.35	1	-4	0
5	67.122	105.37	1	-5	0
6	67.162	107.89	1	-6	0
7	67.268	105.64	1	-7	0
8	67.401	103.44	1	-8	0
9	67.401	107.89	1	-9	0
10	67.521	102.77	1	-10	0
11	67.521	105.8	1	-11	0
12	67.523	102.29	1	-12	0
13	67.634	103.8	1	-13	0
14	67.634	104.18	1	-14	0
15	67.711	106.36	1	-15	0
16	67.811	104.565	1	-16	0
17	68.036	107.9	1	-17	0
18	68.05	107.32	1	-18	0
19	68.122	108.43	1	-19	0
20	68.125	108.17	1	-20	0
21	68.147	106.71	1	-21	0
22	68.158	107.3	1	-22	0
23	68.197	110.83	1	-23	0
24	68.203	109.58	1	-24	0
25	68.239	105.59	1	-25	0
26	68.428	108.71	1	-26	0
27	68.453	105.81	1	-27	0
28	68.627	110.72	1	-28	0
29	68.668	103.49	1	-29	0
30	68.684	109.28	1	-30	0
31	68.716	106.35	1	-31	0
32	68.78	105.8	1	-32	0
33	68.782	105.44	1	-33	0
34	68.784	105.08	1	-34	0
35	68.838	107.11	1	-35	0
36	68.84	106.72	1	-36	0
37	68.862	107.46	1	-37	0
38	68.865	107.83	1	-38	0
39	68.878	108.03	1	-39	0
40	68.881	105.8	1	-40	0
41	68.964	109.49	1	-41	0
42	68.973	107.3	1	-42	0
43	68.985	105.44	1	-43	0
44	68.988	105.08	1	-44	0
45	68.994	103.08	1	-45	0
46	69.216	103.09	1	-46	0
47	69.221	105.45	1	-47	0
48	69.231	109.19	1	-48	0
49	69.257	105.08	1	-49	0
50	69.3	109.5	1	-50	0
51	69.327	107.37	1	-51	0
52	69.392	107.76	1	-52	0
53	69.44	109.51	1	-53	0
54	69.448	107.11	1	-54	0
55	69.462	106.72	1	-55	0
56	69.466	105.77	1	-56	0
57	69.466	105.97	1	-57	0
58	69.468	106.53	1	-58	0
59	69.582	105.09	1	-59	0
60	69.584	105.45	1	-60	0
61	69.585	104.91	1	-61	0
62	69.587	104.55	1	-62	0
63	69.753	103.82	1	-63	0
64	69.753	109.51	1	-64	0
65	69.754	103.55	1	-65	0
66	69.767	107.77	1	-66	0
67	69.799	105.77	1	-67	0
68	69.814	108.85	1	-68	0
69	69.835	107.12	1	-69	0
70	69.842	106.54	1	-70	0
71	70.02	105.77	1	-71	0
72	70.056	107.77	1	-72	0
73	70.06	107.12	1	-73	0
74	70.08	106.54	1	-74	0
75	70.09	103.55	1	-75	0
76	70.093	108.56	1	-76	0
77	70.128	105.98	1	-77	0
78	70.164	103.82	1	-78	0
79	70.215	108.58	1	-79	0
80	70.259	109.53	1	-80	0
81	70.378	103.82	1	-81	0
82	70.386	109.98	1	-82	0
83	70.411	102.96	1	-83	0
84	70.416	104.63	1	-84	0
85	70.419	104.91	1	-85	0
86	70.42	105.45	1	-86	0
87	70.423	105.09	1	-87	0
88	70.458	107.27	1	-88	0
89	70.459	105.98	1	-89	0
90	70.46	106.74	1	-90	0
91	70.463	106.36	1	-91	0
92	70.469	108.1	1	-92	0
93	70.497	109.54	1	-93	0
94	70.557	107.77	1	-94	0
95	70.582	107.45	1	-95	0
96	70.586	106.74	1	-96	0
97	70.596	107.9	1	-97	0
98	70.707	107.27	1	-98	0
99	70.71	105.77	1	-99	0
100	70.712	108.18	1	-100	0
101	70.718	109.34	1	-101	0
102	70.72	108.95	1	-102	0
103	70.949	108.18	1	-103	0
104	70.949	108.36	1	-104	0
105	70.967	105.97	1	-105	0
106	70.968	107.47	1	-106	0
107	70.983	110.61	1	-107	0
108	71.008	106.7	1	-108	0
109	71.03	109.56	1	-109	0
110	71.075	108.87	1	-110	0
111	71.092	105.77	1	-111	0
112	71.097	110.99	1	-112	0
113	71.1	103.44	1	-113	0
114	71.149	110.18	1	-114	0
115	71.157	106.37	1	-115	0
116	71.193	112.13	1	-116	0
117	71.198	108.18	1	-117	0
118	71.208	107.49	1	-118	0
119	71.216	109.57	1	-119	0
120	71.218	111.29	1	-120	0
121	71.224	105.5	1	-121	0
122	71.226	105.08	1	-122	0
123	71.236	103.82	1	-123	0
124	71.311	105.78	1	-124	0
125	71.348	103.52	1	-125	0
126	71.352	103.36	1	-126	0
127	71.354	103.03	1	-127	0
128	71.372	110	1	-128	0
129	71.429	106.77	1	-129	0
130	71.433	106.37	1	-130	0
131	71.437	107.05	1	-131	0
132	71.474	110.69	1	-132	0
133	71.474	111	1	-133	0
134	71.474	111.11	1	-134	0
135	71.477	110.45	1	-135	0
136	71.479	110.18	1	-136	0
137	71.484	109.82	1	-137	0
138	71.542	109.35	1	-138	0
139	71.549	108.87	1	-139	0
140	71.556	108.07	1	-140	0
141	71.601	106.49	1	-141	0
142	71.709	104.13	1	-142	0
143	71.779	102.83	1	-143	0
144	71.786	104.04	1	-144	0
145	71.789	103.34	1	-145	0
146	71.876	108.72	1	-146	0
147	71.877	107.33	1	-147	0
148	71.881	106.93	1	-148	0
149	71.885	103.5	1	-149	0
150	71.948	105.81	1	-150	0
151	71.99	107.88	1	-151	0
152	72.046	106.17	1	-152	0
153	72.06	107.62	1	-153	0
154	72.115	103.84	1	-154	0
155	72.127	110.77	1	-155	0
156	72.147	106.12	1	-156	0
157	72.169	106.88	1	-157	0
158	72.217	107.78	1	-158	0
159	72.324	103.36	1	-159	0
160	72.326	107.13	1	-160	0
161	72.389	110	1	-161	0
162	72.392	106.01	1	-162	0
163	72.42	107.69	1	-163	0
164	72.446	110.44	1	-164	0
165	72.496	104.17	1	-165	0
166	72.498	108.31	1	-166	0
167	72.503	109.54	1	-167	0
168	72.505	108.05	1	-168	0
169	72.57	109.2	1	-169	0
170	72.624	107.6	1	-170	0
171	72.646	104.41	1	-171	0
172	72.667	104.69	1	-172	0
173	72.739	104.57	1	-173	0
174	72.744	106.08	1	-174	0
175	72.901	108.71	1	-175	0
176	72.913	110.16	1	-176	0
177	72.93	107.46	1	-177	0
178	72.952	103.56	3	0	0
179	73.073	107.4	1	-179	0
180	73.195	104.42	1	-180	0
181	73.196	105.97	1	-181	0
182	73.259	107.71	1	-182	0
183	73.272	103.71	1	-183	0
184	73.291	109.23	1	-184	0
185	73.333	107.68	1	-185	0
186	73.34	103.81	1	-186	0
187	73.364	107.96	1	-187	0
188	73.392	104.09	2	-188	0
189	73.458	106.18	1	-189	0
190	73.517	103.59	1	-190	0
191	73.523	107.07	1	-191	0
192	73.563	104.08	1	-192	0
193	73.585	106.73	1	-193	0
194	73.599	107.3	1	-194	0
195	73.623	104.76	1	-195	0
196	73.636	107.95	1	-196	0
197	73.639	103.74	3	0	0
198	73.698	103.49	1	-198	0
199	73.698	106.44	1	-199	0
200	73.701	107.59	1	-200	0
201	73.782	102.86	1	-201	0
202	73.824	106.62	1	-202	0
203	73.826	110.13	1	-203	0
204	73.849	107.86	1	-204	0
205	73.857	104.99	1	-205	0
206	73.921	108.95	1	-206	0
207	73.964	105.67	1	-207	0
208	74.06	105.82	1	-208	0
209	74.064	103.58	1	-209	0
210	74.135	107.89	1	-210	0
211	74.166	103.69	1	-211	0
212	74.182	110.38	1	-212	0
213	74.196	103.36	1	-213	0
214	74.196	110.08	1	-214	0
215	74.24	105.72	1	-215	0
216	74.25	106.33	1	-216	0
217	74.28	105.11	1	-217	0
218	74.281	108.8	1	-218	0
219	74.304	106.42	1	-219	0
220	74.358	104.38	1	-220	0
221	74.505	108.06	1	-221	0
222	74.515	112.98	1	-222	0
223	74.53	104.03	1	-223	0
224	74.563	103.44	1	-224	0
225	74.565	105.15	1	-225	0
226	74.571	104.24	2	-226	0
227	74.604	106.77	1	-227	0
228	74.612	104.65	1	-228	0
229	74.653	104.88	3	0	0
230	74.72	104.4	3	0	0
231	74.727	112.87	1	-231	0
232	74.875	102.86	1	-232	0
233	74.889	107.71	1	-233	0
234	74.894	105.14	1	-234	0
235	74.896	103.05	1	-235	0
236	74.933	105.36	1	-236	0
237	74.979	104.68	2	-237	0
238	75.04	108.22	1	-238	0
239	75.067	103.29	1	-239	0
240	75.145	102.24	1	-240	0
241	75.174	104.53	1	-241	0
242	75.202	102.9	1	-242	0
243	75.225	103.12	1	-243	0
244	75.323	103.65	1	-244	0
245	75.345	106.49	1	-245	0
246	75.36	103.84	1	-246	0
247	75.375	109.99	1	-247	0
248	75.404	105.5	1	-248	0
249	75.611	105.98	3	0	0
250	75.611	106	3	0	0
251	75.508	102.75	1	-251	0
252	75.51	102.99	1	-252	0
253	75.53	107.26	1	-253	0
254	75.595	106.37	1	-254	0
255	75.648	102.58	1	-255	0
256	75.663	105.03	1	-256	0
257	75.663	106.26	1	-257	0
258	75.698	105.07	1	-258	0
259	75.598	107.8	1	-259	0
260	75.732	102.94	1	-260	0
261	75.757	102.33	1	-261	0
262	75.865	106.76	1	-262	0
263	75.917	106.32	1	-263	0
264	75.922	104.86	1	-264	0
265	75.943	101.82	1	-265	0
266	75.953	109.44	1	-266	0
267	75.956	111.86	1	-267	0
268	75.96	111.53	3	0	0
269	75.966	111.52	2	-269	0
270	75.883	103.32	1	-270	0
271	75.979	102.67	1	-271	0
272	76.099	105.08	1	-272	0
273	76.205	105.65	1	-273	0
274	76.24	107.09	1	-274	0
275	76.2	102.38	1	-275	0
276	76.342	107.02	1	-276	0
277	76.37	107.91	1	-277	0
278	76.399	105.88	1	-278	0
279	76.4	104.53	1	-279	0
280	76.46	106.43	1	-280	0
281	76.519	107.07	1	-281	0
282	76.583	106.06	1	-282	0
283	76.607	104.72	1	-283	0
284	76.653	107.13	1	-284	0
285	76.654	106.61	1	-285	0
286	76.657	108.39	1	-286	0
287	76.675	102.96	1	-287	0
288	76.701	107.57	3	0	0
289	76.718	103.92	1	-289	0
290	76.747	103.66	1	-290	0
291	76.767	105.42	2	-291	0
292	76.777	105.51	3	0	0
293	76.869	106.35	1	-293	0
294	76.876	107.36	1	-294	0
295	76.892	104.99	1	-295	0
296	76.969	103.64	1	-296	0
297	77.02	105.25	1	-297	0
298	77.031	108.82	1	-298	0
299	77.206	104.57	1	-299	0
300	77.245	102.96	1	-300	0
301	77.316	102.66	1	-301	0
302	77.418	104.31	1	-302	0
303	77.433	107.92	1	-303	0
304	77.502	104.11	1	-304	0
305	77.563	107.47	1	-305	0
306	77.584	107.09	1	-306	0
307	77.843	102.9	1	-307	0
308	77.864	107.69	1	-308	0
309	77.879	106.97	1	-309	0
310	77.907	111.06	1	-310	0
311	77.963	104.94	1	-311	0
312	77.982	105.14	1	-312	0
313	78.19	104.8	1	-313	0
314	78.34	107	3	0	0
315	78.236	102.73	1	-315	0
316	78.389	103.46	1	-316	0
317	78.403	103.39	1	-317	0
318	78.408	101.88	1	-318	0
319	78.442	103.17	1	-319	0
320	78.48	108.62	3	0	0
321	78.722	108.64	2	-321	0
322	78.745	104.44	1	-322	0
323	78.817	107.65	1	-323	0
324	78.874	102.45	1	-324	0
325	79.014	109.29	1	-325	0
326	79.09	107.37	1	-326	0
327	79.126	106.61	1	-327	0
328	79.128	106.11	1	-328	0
329	79.18	106.5	1	-329	0
330	79.298	102.26	1	-330	0
331	79.368	103.23	1	-331	0
332	79.392	105.6	1	-332	0
333	79.467	103.77	1	-333	0 
334	79.486	102.8	1	-334	0
335	79.51	102.7	1	-335	0
336	79.534	105.46	2	-336	0
337	79.551	105.45	3	0	0
338	79.758	102.05	1	-338	0
339	79.839	104.41	1	-339	0
340	79.913	102.94	3	0	0
341	79.916	102.92	2	-341	0
342	79.928	102.82	1	-342	0
343	80.084	105.52	2	-343	0
344	80.334	105.56	3	0	0
345	80.687	102.43	1	-345	0
346	81.072	102.39	1	-346	0
347	81.076	101.7	1	-347	0
348	81.993	101.66	1	-348	0
349	81.993	102.22	1	-349	0
350	82.413	101.89	1	-350	0
351	82.661	102.14	3	0	0
352	82.684	102.13	2	-352	0
353	83.664	101.22	2	-353	0
354	83.715	101.22	3	0	0
355	83.948	101.14	1	-355	0
356	84.022	100.83	1	-356	0
357	84.023	100.03	1	-357	0
358	64.513	102.55	1	-358	0
359	64.907	103.25	1	-359	0
360	65.723	103.47	1	-360	0
361	65.725	103.46	1	-361	0
456	65.946	103.26	4	0	0
457	65.95	102.56	4	0	0
362	66.016	103.98	1	-362	0
363	66.067	104.85	1	-363	0
364	66.136	107.62	1	-364	0
458	66.238	103.48	4	0	0
459	66.241	103.5	4	0	0
365	66.364	104.71	1	-365	0
460	66.489	102.56	4	0	0
366	66.49	102.14	1	-366	0
461	66.499	103.26	4	0	0
367	66.522	106.89	1	-367	0
462	66.603	103.46	4	0	0
368	66.627	105.69	1	-368	0
463	66.653	103.55	4	0	0
369	66.839	106.2	1	-369	0
464	66.893	103.99	4	0	0
370	66.904	108.35	1	-370	0
465	67.018	103.52	4	0	0
466	67.018	103.53	4	0	0
467	67.159	104.47	4	0	0
468	67.209	105.53	4	0	0
469	67.235	106.19	4	0	0
470	67.267	106.89	4	0	0
471	67.273	107.9	4	0	0
472	67.28	107.61	4	0	0
473	67.33	104.78	4	0	0
474	67.339	108.35	4	0	0
371	67.339	109.07	1	-371	0
475	67.368	104.4	4	0	0
476	67.401	103.26	4	0	0
477	67.522	102.56	4	0	0
478	67.543	104.76	4	0	0
479	67.633	103.99	4	0	0
480	67.7	105.47	4	0	0
481	67.713	106.18	4	0	0
372	67.761	110.17	1	-372	0
373	67.769	109.8	1	-373	0
374	67.772	109.08	1	-374	0
375	67.812	110.42	1	-375	0
482	67.869	104.73	4	0	0
376	67.874	110.52	1	-376	0
483	67.919	103.61	4	0	0
484	67.938	103.64	4	0	0
377	68.008	110.42	1	-377	0
485	68.045	107.62	4	0	0
486	68.062	110.38	4	0	0
487	68.084	106.17	4	0	0
488	68.124	108.35	4	0	0
489	68.128	110.37	4	0	0
490	68.136	105.31	4	0	0
491	68.147	106.9	4	0	0
492	68.201	109.8	4	0	0
493	68.201	110.17	4	0	0
494	68.202	110.53	4	0	0
495	68.227	103.99	4	0	0
496	68.227	104.36	4	0	0
497	68.229	103.71	4	0	0
498	68.23	103.5	4	0	0
499	68.232	103.26	4	0	0
378	68.234	102.55	1	-378	0
500	68.239	104.72	4	0	0
501	68.29	110.17	4	0	0
502	68.304	110.2	4	0	0
503	68.336	103.69	4	0	0
504	68.362	103.67	4	0	0
505	68.383	110.17	4	0	0
506	68.421	109.93	4	0	0
507	68.422	109.81	4	0	0
508	68.425	109.07	4	0	0
509	68.472	103.58	4	0	0
510	68.494	105.26	4	0	0
511	68.512	109.85	4	0	0
512	68.521	109.81	4	0	0
513	68.543	103.72	4	0	0
514	68.544	109.83	4	0	0
515	68.573	105.81	4	0	0
516	68.579	106.17	4	0	0
517	68.588	106.9	4	0	0
518	68.622	109.72	4	0	0
519	68.634	110.53	4	0	0
520	68.635	110.17	4	0	0
521	68.637	109.92	4	0	0
522	68.64	109.81	4	0	0
523	68.643	109.08	4	0	0
524	68.645	108.35	4	0	0
525	68.647	107.63	4	0	0
526	68.667	103.27	4	0	0
527	68.676	109.64	4	0	0
528	68.696	103.6	4	0	0
529	68.716	106.17	4	0	0
530	68.781	105.27	4	0	0
531	68.792	103.74	4	0	0
532	68.792	109.57	4	0	0
533	68.838	106.9	4	0	0
534	68.839	109.51	4	0	0
535	68.852	103.75	4	0	0
536	68.862	107.62	4	0	0
537	68.872	103.69	4	0	0
538	68.923	110.54	4	0	0
539	68.927	110.17	4	0	0
540	69.01	109.28	4	0	0
541	69.073	110.18	4	0	0
542	69.074	110.54	4	0	0
543	69.078	109.81	4	0	0
544	69.079	109.44	4	0	0
545	69.08	109.49	4	0	0
546	69.081	109.19	4	0	0
547	69.081	109.28	4	0	0
548	69.083	109.08	4	0	0
549	69.085	107.63	4	0	0
550	69.085	108.03	4	0	0
551	69.087	107.3	4	0	0
552	69.087	108.35	4	0	0
553	69.088	103.71	4	0	0
554	69.088	103.72	4	0	0
555	69.088	106.9	4	0	0
556	69.091	105.8	4	0	0
557	69.092	103.66	4	0	0
558	69.092	105.44	4	0	0
559	69.092	106.17	4	0	0
560	69.093	103.77	4	0	0
561	69.093	105.26	4	0	0
562	69.094	105.08	4	0	0
563	69.096	104.72	4	0	0
564	69.097	104.36	4	0	0
565	69.101	103.99	4	0	0
566	69.102	103.27	4	0	0
567	69.104	103.09	4	0	0
379	69.111	102.56	1	-379	0
568	69.307	109.08	4	0	0
569	69.328	107.63	4	0	0
570	69.391	103.69	4	0	0
571	69.394	107.63	4	0	0
572	69.404	109.08	4	0	0
573	69.436	110.17	4	0	0
574	69.439	109.81	4	0	0
575	69.457	106.9	4	0	0
576	69.463	106.17	4	0	0
577	69.465	108.87	4	0	0
578	69.466	103.72	4	0	0
579	69.467	103.71	4	0	0
580	69.518	108.84	4	0	0
581	69.577	103.74	4	0	0
582	69.583	105.26	4	0	0
583	69.584	104.72	4	0	0
584	69.63	103.74	4	0	0
585	69.648	110.18	4	0	0
586	69.651	110.54	4	0	0
587	69.689	103.67	4	0	0
588	69.696	108.64	4	0	0
589	69.73	108.65	4	0	0
590	69.814	109.08	4	0	0
591	69.838	108.36	4	0	0
592	69.887	103.73	4	0	0
593	69.893	103.68	4	0	0
594	69.91	105.77	4	0	0
595	69.943	110.54	4	0	0
596	69.944	110.18	4	0	0
597	69.948	109.81	4	0	0
598	69.95	109.52	4	0	0
599	69.951	109.08	4	0	0
600	69.952	108.36	4	0	0
601	69.954	108.56	4	0	0
602	69.955	104.38	4	0	0
603	69.957	107.76	4	0	0
604	69.959	107.63	4	0	0
605	69.961	106.17	4	0	0
606	69.963	107.12	4	0	0
607	69.964	104	4	0	0
608	69.964	106.9	4	0	0
609	69.965	106.54	4	0	0
610	69.971	103.82	4	0	0
611	69.972	103.76	4	0	0
612	69.973	103.54	4	0	0
613	69.973	103.66	4	0	0
614	69.976	103.27	4	0	0
380	69.977	102.55	1	-380	0
615	69.997	105.26	4	0	0
616	70	104.72	4	0	0
617	70.095	108.36	4	0	0
618	70.131	106.18	4	0	0
619	70.215	108.36	4	0	0
620	70.257	103.68	4	0	0
621	70.291	103.73	4	0	0
622	70.365	103.68	4	0	0
623	70.372	108.17	4	0	0
624	70.373	108.24	4	0	0
625	70.383	110.54	4	0	0
626	70.386	110.18	4	0	0
627	70.419	104.73	4	0	0
628	70.422	105.27	4	0	0
629	70.459	106.91	4	0	0
630	70.46	103.73	4	0	0
631	70.46	106.18	4	0	0
632	70.47	108.36	4	0	0
633	70.471	103.67	4	0	0
634	70.563	103.69	4	0	0
635	70.59	103.74	4	0	0
636	70.598	108.06	4	0	0
637	70.608	103.71	4	0	0
638	70.63	108.12	4	0	0
639	70.654	108.12	4	0	0
640	70.704	107.63	4	0	0
641	70.706	107.45	4	0	0
642	70.711	107.9	4	0	0
644	70.716	110.18	4	0	0
645	70.719	109.09	4	0	0
646	70.818	111.11	4	0	0
647	70.821	110.54	4	0	0
648	70.821	110.61	4	0	0
649	70.823	109.82	4	0	0
650	70.823	110.12	4	0	0
651	70.823	110.18	4	0	0
652	70.824	109.56	4	0	0
653	70.827	109.09	4	0	0
654	70.828	108.18	4	0	0
655	70.829	108.06	4	0	0
656	70.829	108.1	4	0	0
657	70.829	108.36	4	0	0
658	70.83	107.78	4	0	0
659	70.83	107.9	4	0	0
660	70.831	107.45	4	0	0
661	70.831	107.63	4	0	0
662	70.832	106.18	4	0	0
663	70.833	106.73	4	0	0
664	70.835	106.91	4	0	0
665	70.837	105.78	4	0	0
666	70.838	105.26	4	0	0
667	70.84	104.43	4	0	0
668	70.84	104.73	4	0	0
669	70.843	103.64	4	0	0
670	70.843	104	4	0	0
671	70.844	103.28	4	0	0
672	70.845	102.96	4	0	0
673	70.845	103.44	4	0	0
674	70.845	103.75	4	0	0
675	70.845	103.82	4	0	0
381	70.848	102.55	1	-381	0
676	70.954	107.98	4	0	0
677	70.973	106.18	4	0	0
678	71.062	107.91	4	0	0
679	71.13	103.67	4	0	0
680	71.154	103.72	4	0	0
681	71.159	106.18	4	0	0
682	71.2	103.72	4	0	0
683	71.227	105.24	4	0	0
684	71.256	111.19	4	0	0
685	71.258	110.18	4	0	0
686	71.258	111	4	0	0
687	71.259	109.81	4	0	0
688	71.259	110.54	4	0	0
689	71.26	109.84	4	0	0
690	71.288	103.69	4	0	0
691	71.292	106.18	4	0	0
692	71.296	109.81	4	0	0
693	71.31	108.87	4	0	0
694	71.317	108.18	4	0	0
695	71.318	106.9	4	0	0
696	71.318	107.48	4	0	0
697	71.318	107.64	4	0	0
698	71.318	107.68	4	0	0
699	71.32	107.81	4	0	0
700	71.326	109.09	4	0	0
701	71.327	109.57	4	0	0
702	71.33	103.67	4	0	0
703	71.339	103.7	4	0	0
704	71.353	103.28	4	0	0
705	71.357	103.82	4	0	0
706	71.358	104	4	0	0
707	71.375	109.82	4	0	0
708	71.391	107.67	4	0	0
709	71.418	103.82	4	0	0
710	71.428	106.9	4	0	0
711	71.435	106.18	4	0	0
712	71.451	103.72	4	0	0
713	71.472	111.23	4	0	0
714	71.478	110.54	4	0	0
715	71.506	107.79	4	0	0
716	71.528	107.62	4	0	0
717	71.54	109.58	4	0	0
718	71.549	109.09	4	0	0
719	71.577	106.18	4	0	0
720	71.578	105.24	4	0	0
721	71.579	104.73	4	0	0
722	71.579	105.77	4	0	0
723	71.579	105.9	4	0	0
724	71.581	104.52	4	0	0
725	71.582	104.5	4	0	0
726	71.585	104.38	4	0	0
727	71.588	103.99	4	0	0
728	71.59	109.58	4	0	0
729	71.596	103.81	4	0	0
730	71.598	103.74	4	0	0
731	71.599	103.52	4	0	0
732	71.599	103.66	4	0	0
733	71.599	103.69	4	0	0
734	71.602	103.17	4	0	0
382	71.603	102.74	1	-382	0
735	71.66	105.9	4	0	0
736	71.612	103.97	4	0	0
737	71.619	104.55	4	0	0
738	71.63	107.77	4	0	0
739	71.665	107.63	4	0	0
740	71.732	104.73	4	0	0
741	71.733	107.69	4	0	0
742	71.767	106.09	4	0	0
743	71.769	103.74	4	0	0
744	71.778	106.78	4	0	0
745	71.78	107.7	4	0	0
746	71.783	107.71	4	0	0
383	71.796	113.54	1	-383	0
747	71.836	103.41	4	0	0
748	71.847	109.24	4	0	0
749	71.865	106.24	4	0	0
750	71.884	103.85	4	0	0
751	71.892	109.31	4	0	0
752	71.913	103.03	4	0	0
753	71.914	107.75	4	0	0
754	71.936	107.75	4	0	0
755	71.945	109.58	4	0	0
756	71.95	103.8	4	0	0
757	71.956	103.96	4	0	0
758	71.964	109.25	4	0	0
759	71.974	107.49	4	0	0
760	72.017	105.17	4	0	0
761	72.026	103.77	4	0	0
762	72.05	105.97	4	0	0
763	72.078	107.65	4	0	0
764	72.085	104.16	4	0	0
765	72.089	107.84	4	0	0
766	72.112	106.63	4	0	0
767	72.12	109.09	4	0	0
768	72.135	103.87	4	0	0
769	72.151	107.65	4	0	0
770	72.168	103.72	4	0	0
771	72.196	109.22	4	0	0
384	72.216	102.2	1	-384	0
772	72.216	105.49	4	0	0
385	72.22	114.09	1	-385	0
773	72.234	106.99	4	0	0
774	72.24	107.61	4	0	0
775	72.242	103.23	4	0	0
776	72.242	110.67	4	0	0
777	72.265	104.07	4	0	0
778	72.28	109.02	4	0	0
779	72.305	104.47	4	0	0
780	72.305	111.39	4	0	0
781	72.317	106.95	4	0	0
782	72.325	103.85	4	0	0
783	72.328	109.59	4	0	0
784	72.333	103.74	4	0	0
386	72.343	113.84	1	-386	0
785	72.36	108.87	4	0	0
387	72.361	102.38	1	-387	0
786	72.379	103.81	4	0	0
787	72.391	109.56	4	0	0
388	72.398	102.82	1	-388	0
788	72.413	105.79	4	0	0
789	72.431	103.87	4	0	0
790	72.436	107.56	4	0	0
791	72.439	103.66	4	0	0
792	72.503	103.79	4	0	0
793	72.504	103.11	4	0	0
389	72.508	102.76	1	-389	0
794	72.508	102.99	4	0	0
795	72.511	103.35	4	0	0
796	72.512	107.25	4	0	0
797	72.512	110.9	4	0	0
798	72.513	105.95	4	0	0
799	72.518	103.01	4	0	0
800	72.522	103.5	4	0	0
801	72.532	103.85	4	0	0
802	72.537	103.15	4	0	0
803	72.553	103.21	4	0	0
804	72.554	103.57	4	0	0
806	72.56	103.72	4	0	0
807	72.564	103.08	4	0	0
808	72.565	103.79	4	0	0
809	72.572	108.42	4	0	0
810	72.583	104.92	4	0	0
811	72.588	112.49	4	0	0
812	72.589	103.95	4	0	0
813	72.6	104.12	4	0	0
814	72.6	104.33	4	0	0
815	72.603	103.53	4	0	0
816	72.4	109.89	4	0	0 
817	72.609	108	4	0	0
818	72.624	103.65	4	0	0
819	72.626	106.13	4	0	0
820	72.633	103.99	4	0	0
821	72.633	112.74	4	0	0
822	72.635	104.1	4	0	0
823	72.643	107.46	4	0	0
824	72.647	103.91	4	0	0
825	72.662	108.19	4	0	0
826	72.671	103.63	4	0	0
827	72.63	110.12	4	0	0
828	72.681	112.67	4	0	0
829	72.697	112.37	4	0	0
830	72.699	103.77	4	0	0
390	72.7	103.02	1	-390	0
831	72.701	104.33	4	0	0
832	72.713	103.79	4	0	0
833	72.721	104.28	4	0	0
834	72.729	106.3	4	0	0
835	72.729	107.55	4	0	0
836	72.749	104.11	4	0	0
837	72.749	108.19	4	0	0
838	72.8	110.13	4	0	0
839	72.768	110.68	4	0	0
840	72.775	107.43	4	0	0
841	72.78	105.24	4	0	0
842	72.784	111.77	4	0	0
843	72.726	104.665	4	0	0
844	72.787	107.45	4	0	0
845	72.789	112.16	4	0	0
846	72.792	108.2	4	0	0
847	72.796	103.44	4	0	0
848	72.799	112.4	4	0	0
849	72.807	103.93	4	0	0
850	72.808	103.87	4	0	0
851	72.7	111.55	4	0	0  	
852	72.821	104.23	4	0	0
853	72.823	111.89	4	0	0
854	72.823	111.9	4	0	0
855	72.824	107.71	4	0	0
856	72.829	107.51	4	0	0
857	72.829	111.82	4	0	0
858	72.831	111.7	4	0	0
859	72.831	111.78	4	0	0
860	72.831	112.08	4	0	0
861	72.843	111.99	4	0	0
862	72.859	112.13	4	0	0
863	72.86	103.54	4	0	0
864	73	111.46	4	0	0 
865	72.867	110.92	4	0	0
866	72.869	112.01	4	0	0
867	72.827	104.805	4	0	0
868	72.896	104.59	4	0	0
869	72.91	104.51	4	0	0
870	72.914	104.53	4	0	0
871	72.916	107.86	4	0	0
872	72.917	103.38	4	0	0
873	72.919	103.73	4	0	0
874	72.924	112.11	4	0	0
875	72.927	107.67	4	0	0
876	72.929	104.64	4	0	0
877	72.939	112.13	4	0	0
878	72.949	103.64	4	0	0
879	72.968	106.67	4	0	0
880	72.982	105.54	4	0	0
881	72.986	108.67	4	0	0
882	72.994	104.51	4	0	0
883	72.994	104.73	4	0	0
884	72.995	103.75	4	0	0
885	73.016	103.53	4	0	0
886	73.019	107.82	4	0	0
887	73.021	108	4	0	0
888	73.026	103.55	4	0	0
391	73.037	103.06	1	-391	0
889	73.045	103.62	4	0	0
890	73.046	103.65	4	0	0
891	73.074	111.66	4	0	0
892	73.087	105.7	4	0	0
893	73.093	107.29	4	0	0
894	73.099	107.95	4	0	0
895	73.102	107.3	4	0	0
896	73.105	111.66	4	0	0
897	73.109	103.56	4	0	0
898	73.113	111.59	4	0	0
899	73.117	103.7	4	0	0
900	73.122	103.58	4	0	0
901	73.131	106.93	4	0	0
392	73.135	102.49	1	-392	0
902	73.143	104.65	4	0	0
903	73.161	111.31	4	0	0
904	73.162	103.26	4	0	0
905	73.167	107.56	4	0	0
906	73.173	111.53	4	0	0
907	73.195	107.03	4	0	0
908	73.196	104.06	4	0	0
909	73.201	103.45	4	0	0
910	73.201	106.56	4	0	0
911	73.218	104.73	4	0	0
912	73.221	103.47	4	0	0
913	73.23	104.96	4	0	0
914	73.266	103.42	4	0	0
915	73.277	106.06	4	0	0
916	73.284	107.16	4	0	0
917	73.308	111.21	4	0	0
918	73.319	103.49	4	0	0
919	73.321	104.75	4	0	0
920	73.323	104.84	4	0	0
921	73.327	104.79	4	0	0
922	73.333	107.24	4	0	0
923	73.366	107.82	4	0	0
924	73.367	103.57	4	0	0
925	73.369	103.42	4	0	0
926	73.373	106.82	4	0	0
927	73.397	107.79	4	0	0
928	73.402	109.19	4	0	0
929	73.403	104.82	4	0	0
930	73.408	103.38	4	0	0
931	73.413	103.64	4	0	0
932	73.418	111.34	4	0	0
933	73.42	107.38	4	0	0
934	73.422	104.91	4	0	0
935	73.422	111.35	4	0	0
936	73.428	104.75	4	0	0
937	73.429	103.95	4	0	0
938	73.43	111.24	4	0	0
939	73.434	111.31	4	0	0
940	73.445	111.32	4	0	0
941	73.447	106.95	4	0	0
942	73.459	107.44	4	0	0
943	73.481	104.37	4	0	0
944	73.487	111.41	4	0	0
945	73.495	111.11	4	0	0
946	73.503	104.96	4	0	0
947	73.534	103.1	4	0	0
948	73.537	104.88	4	0	0
949	73.54	107.09	4	0	0
950	73.549	107.11	4	0	0
951	73.554	104.69	4	0	0
952	73.557	104.93	4	0	0
953	73.568	103.89	4	0	0
954	73.584	111.51	4	0	0
955	73.585	104.3	4	0	0
956	73.589	111.49	4	0	0
957	73.602	104.5	4	0	0
958	73.609	107.06	4	0	0
959	73.615	103.27	4	0	0
960	73.623	105.47	4	0	0
961	73.631	103.22	4	0	0
962	73.652	107.76	4	0	0
963	73.662	110.72	4	0	0
964	73.673	103.83	4	0	0
965	73.679	104.9	4	0	0
966	73.68	106.87	4	0	0
967	73.685	103.29	4	0	0
968	73.688	111.04	4	0	0
969	73.702	106.34	4	0	0
970	73.711	103.24	4	0	0
971	73.721	104.44	4	0	0
972	73.721	104.62	4	0	0
973	73.727	106.94	4	0	0
974	73.734	111.03	4	0	0
975	73.738	105.03	4	0	0
976	73.74	107.91	4	0	0
977	73.744	103.36	4	0	0
393	73.752	113.35	1	-393	0
978	73.772	104.68	4	0	0
979	73.802	104.15	4	0	0
980	73.817	106.29	4	0	0
981	73.831	107.79	4	0	0
982	73.835	107.76	4	0	0
983	73.838	105.83	4	0	0
984	73.845	106.97	4	0	0
985	73.852	102.95	4	0	0
986	73.852	107.06	4	0	0
987	73.853	105.15	4	0	0
988	73.86	104.58	4	0	0
989	73.866	107.63	4	0	0
990	73.878	104.79	4	0	0
991	73.885	103.71	4	0	0
992	73.901	110.03	4	0	0
993	73.908	103.1	4	0	0
994	73.911	104.08	4	0	0
995	73.912	106.82	4	0	0
996	73.915	105.11	4	0	0
997	73.927	110.93	4	0	0
998	73.936	105.2	4	0	0
999	73.939	104.3	4	0	0
1000	73.948	107.57	4	0	0
1001	73.955	110.89	4	0	0
1002	73.962	103.63	4	0	0
1003	73.971	103.08	4	0	0
1004	73.974	106.56	4	0	0
1005	73.975	106.94	4	0	0
1006	73.987	108.3	4	0	0
1007	73.988	104.72	4	0	0
1009	74.012	104.94	4	0	0
1010	74.017	105.22	4	0	0
1011	74.018	103.14	4	0	0
1012	74.018	105.31	4	0	0
1013	74.019	105.76	4	0	0
1014	74.025	106.18	4	0	0
394	74.026	102.41	1	-394	0
1015	74.032	106.21	4	0	0
1016	74.039	105.3	4	0	0
1017	74.045	106.98	4	0	0
1018	74.058	103.18	4	0	0
1019	74.058	107.77	4	0	0
1020	74.062	108.89	4	0	0
1021	74.07	104.44	4	0	0
1022	74.071	108.94	4	0	0
1023	74.073	105	4	0	0
1024	74.076	112.83	4	0	0
1025	74.078	110.07	4	0	0
1026	74.08	106.15	4	0	0
1027	74.091	110.45	4	0	0
1028	74.1	103.96	4	0	0
1029	74.103	105.11	4	0	0
1030	74.108	105.32	4	0	0
1031	74.109	106.12	4	0	0
1032	74.122	104.87	4	0	0
1033	74.127	106.14	4	0	0
1034	74.129	105.36	4	0	0
1035	74.137	106.16	4	0	0
1036	74.14	109.19	4	0	0
1037	74.142	107.48	4	0	0
1038	74.142	109.09	4	0	0
1039	74.143	105.08	4	0	0
1040	74.144	105.7	4	0	0
1041	74.183	104.93	4	0	0
1042	74.184	103.91	4	0	0
1043	74.186	103.07	4	0	0
1044	74.208	104.58	4	0	0
1045	74.215	112.08	4	0	0
1046	74.232	105.17	4	0	0
1047	74.239	105.37	4	0	0
1048	74.244	105.25	4	0	0
1049	74.251	105.49	4	0	0
395	74.252	101.99	1	-395	0
1050	74.254	105.56	4	0	0
1051	74.254	106.85	4	0	0
1052	74.255	102.76	4	0	0
1053	74.255	105.01	4	0	0
1054	74.26	104.09	4	0	0
1055	74.264	107.68	4	0	0
1056	74.27	106.08	4	0	0
1057	74.278	105.47	4	0	0
1058	74.287	103.84	4	0	0
1059	74.287	105.23	4	0	0
1060	74.29	105.45	4	0	0
1061	74.296	105.49	4	0	0
1062	74.3	105.51	4	0	0
1063	74.329	104.05	4	0	0
1064	74.334	105.66	4	0	0
1065	74.338	104.73	4	0	0
1066	74.342	102.98	4	0	0
1067	74.345	110.6	4	0	0
1068	74.35	105.51	4	0	0
1069	74.365	102.93	4	0	0
1070	74.389	110.64	4	0	0
1071	74.39	104.23	4	0	0
1072	74.393	105.16	4	0	0
1073	74.393	109.37	4	0	0
1074	74.394	105.6	4	0	0
1075	74.397	105.62	4	0	0
1076	74.399	104.8	4	0	0
1077	74.4	105.38	4	0	0
1078	74.403	105.35	4	0	0
1079	74.405	102.99	4	0	0
1080	74.417	104.44	4	0	0
1081	74.418	103.96	4	0	0
1082	74.422	105.75	4	0	0
1083	74.438	105.7	4	0	0
1084	74.443	105.35	4	0	0
1085	74.462	110.69	4	0	0
1086	74.469	105.79	4	0	0
1087	74.472	104.87	4	0	0
1088	74.486	105.57	4	0	0
1089	74.489	112.4	4	0	0
1090	74.5	104.16	4	0	0
1091	74.5	105.28	4	0	0
1092	74.5	110.6	4	0	0
1093	74.506	105.54	4	0	0
1094	74.512	105.76	4	0	0
1095	74.516	112.87	4	0	0
1096	74.52	102.93	4	0	0
1097	74.527	104.37	4	0	0
1098	74.539	105.5	4	0	0
1099	74.547	105.75	4	0	0
1100	74.55	105.51	4	0	0
1101	74.551	104.59	4	0	0
1102	74.558	103.22	4	0	0
1103	74.576	102.87	4	0	0
1104	74.578	110.58	4	0	0
1106	74.594	105.82	4	0	0
1107	74.603	105.23	4	0	0
1108	74.609	105.02	4	0	0
1109	74.609	105.47	4	0	0
1110	74.621	105.22	4	0	0
1111	74.631	104.31	4	0	0
1112	74.638	102.58	4	0	0
1113	74.643	105.43	4	0	0
1114	74.656	105.44	4	0	0
1115	74.662	104.52	4	0	0
1116	74.667	104.01	4	0	0
1117	74.676	105.09	4	0	0
1118	74.678	102.77	4	0	0
1119	74.68	104.28	4	0	0
1120	74.685	103.59	4	0	0
396	74.686	102.16	1	-396	0
1121	74.688	105.66	4	0	0
1122	74.7	105.66	4	0	0
1123	74.71	105.5	4	0	0
1124	74.712	110.5	4	0	0
1125	74.716	104.95	4	0	0
1126	74.717	109.73	4	0	0
1127	74.719	110.92	4	0	0
1128	74.725	109.79	4	0	0
1129	74.733	102.77	4	0	0
1130	74.74	105.16	4	0	0
1131	74.743	102.83	4	0	0
1132	74.743	107.47	4	0	0
1133	74.751	102.8	4	0	0
1134	74.759	110.33	4	0	0
1135	74.771	102.72	4	0	0
1136	74.771	105.37	4	0	0
1137	74.777	103.69	4	0	0
1138	74.78	103.53	4	0	0
1139	74.786	110.38	4	0	0
1140	74.797	104.66	4	0	0
1141	74.812	110.99	4	0	0
1142	74.813	105.99	4	0	0
1143	74.818	105.77	4	0	0
1144	74.822	102.79	4	0	0
1145	74.833	105.76	4	0	0
1146	74.838	109.86	4	0	0
1147	74.843	102.75	4	0	0
1148	74.851	105.09	4	0	0
1149	74.862	104.39	4	0	0
1150	74.864	106.32	4	0	0
1151	74.866	106.5	4	0	0
1152	74.881	105.3	4	0	0
1153	74.883	103.81	4	0	0
1155	74.895	106.08	4	0	0
1156	74.902	107.24	4	0	0
1157	74.906	105.51	4	0	0
1158	74.927	110.33	4	0	0
1159	74.931	110.17	4	0	0
1160	74.932	104.81	4	0	0
1161	74.943	105.56	4	0	0
1162	74.944	102.44	4	0	0
1163	74.966	103.73	4	0	0
1164	75.274	106.41	4	0	0
1165	74.979	106.18	4	0	0
1166	74.979	106.82	4	0	0
1167	74.981	102.65	4	0	0
1168	74.982	109.98	4	0	0
1169	74.983	105.9	4	0	0
1170	74.99	106.43	4	0	0
1171	74.993	110.68	4	0	0
1172	74.994	109.97	4	0	0
1173	74.999	106.07	4	0	0
1174	75.005	110.33	4	0	0
1175	74.966	106.35	4	0	0
1176	75.008	104.53	4	0	0
1177	75.012	105.45	4	0	0
1178	75.013	105.64	4	0	0
1179	75.025	102.61	4	0	0
1180	75.032	110.33	4	0	0
1181	75.037	103.94	4	0	0
1182	75.038	104.74	4	0	0
1183	75.039	110.53	4	0	0
1184	75.054	102.56	4	0	0
1185	75.058	110.15	4	0	0
1186	75.064	104.95	4	0	0
1187	75.076	106.53	4	0	0
1188	75.087	102.66	4	0	0
1189	75.089	110.25	4	0	0
1190	75.107	105.94	4	0	0
1191	75.117	103.88	4	0	0
1192	75.12	105.98	4	0	0
1193	75.123	102.64	4	0	0
1194	75.123	110.1	4	0	0
1195	75.127	105.57	4	0	0
1196	75.131	111.04	4	0	0
1197	75.142	106	4	0	0
1198	75.147	104.67	4	0	0
1199	75.16	109.95	4	0	0
1200	75.164	105.98	4	0	0
1201	75.169	104.88	4	0	0
1202	75.175	109.84	4	0	0
1203	75.196	102.3	4	0	0
1204	75.197	108.08	4	0	0
1205	75.2	105.1	4	0	0
1206	75.207	109.87	4	0	0
1207	75.216	103.5	4	0	0
1208	75.225	105.92	4	0	0
1209	75.225	106.07	4	0	0
1210	75.244	108.06	4	0	0
1211	75.245	104.61	4	0	0
1212	75.25	109.96	4	0	0
1213	75.254	105.9	4	0	0
1214	75.254	106.35	4	0	0
1215	75.255	104.12	4	0	0
1216	75.259	106.03	4	0	0
1217	75.263	106.16	4	0	0
1218	75.264	106.08	4	0	0
1219	75.266	106.08	4	0	0
1220	75.274	106.1	4	0	0
1221	75.282	104.82	4	0	0
1222	75.286	111.16	4	0	0
1223	75.289	102.42	4	0	0
1224	75.29	106.12	4	0	0
1225	75.291	107.25	4	0	0
1226	75.297	106.44	4	0	0
1227	75.302	105.03	4	0	0
1228	75.303	109.94	4	0	0
1229	75.31	111.15	4	0	0
1230	75.312	102.84	4	0	0
1231	75.317	109.81	4	0	0
1232	75.322	104.07	4	0	0
1233	75.33	105.24	4	0	0
397	75.34	101.61	1	-397	0
1234	75.341	111.17	4	0	0
1235	75.345	102.65	4	0	0
1236	75.347	111.19	4	0	0
1237	75.356	105.81	4	0	0
1238	75.369	106.27	4	0	0
1239	75.38	104.73	4	0	0
1240	75.408	105.93	4	0	0
1241	75.412	104.95	4	0	0
1242	75.413	111.49	4	0	0
1243	75.417	105.98	4	0	0
1244	75.426	106.51	4	0	0
1245	75.437	106.48	4	0	0
1246	75.438	105.17	4	0	0
1247	75.443	106.47	4	0	0
1248	75.445	105.36	4	0	0
1249	75.454	106.41	4	0	0
1250	75.473	103.02	4	0	0
1251	75.473	104.23	4	0	0
1252	75.48	105.88	4	0	0
1253	75.487	103.95	4	0	0
1254	75.509	106.02	4	0	0
1256	75.526	104.85	4	0	0
1257	75.534	109.56	4	0	0
1258	75.535	105.99	4	0	0
1259	75.545	105.1	4	0	0
1260	75.551	105.65	4	0	0
1261	75.551	111.35	4	0	0
1262	75.553	105.29	4	0	0
1263	75.557	109.56	4	0	0
1264	75.563	105.84	4	0	0
1265	75.576	105.83	4	0	0
1266	75.582	105.8	4	0	0
1267	75.584	103.2	4	0	0
1268	75.597	102.08	4	0	0
1269	75.598	107.89	4	0	0
1270	75.607	111.3	4	0	0
1271	75.609	104.42	4	0	0
1272	75.611	106.06	4	0	0
1273	75.615	102.38	4	0	0
1274	75.623	109.56	4	0	0
1275	75.629	103.85	4	0	0
1276	75.639	109.42	4	0	0
1277	75.641	104.12	4	0	0
1278	75.641	105.58	4	0	0
1279	75.66	105.22	4	0	0
1280	75.669	106.53	4	0	0
1281	75.7	104.58	4	0	0
398	75.709	101.52	1	-398	0
1282	75.716	102.36	4	0	0
1283	75.717	102.06	4	0	0
1284	75.722	102.38	4	0	0
1285	75.725	104.35	4	0	0
1286	75.73	106.6	4	0	0
1287	75.732	102.36	4	0	0
1288	75.737	105.49	4	0	0
1289	75.741	105.68	4	0	0
1290	75.749	104.73	4	0	0
1291	75.759	105.15	4	0	0
1292	75.774	105.71	4	0	0
1293	75.791	104.03	4	0	0
1294	75.803	104.3	4	0	0
1295	75.806	109.34	4	0	0
1296	75.815	103.01	4	0	0
1297	75.822	105.67	4	0	0
1298	75.834	105.41	4	0	0
1299	75.85	104.49	4	0	0
1300	75.85	105.61	4	0	0
1301	75.862	105.78	4	0	0
1302	75.883	103.68	4	0	0
1303	75.885	105.65	4	0	0
1304	75.886	109.38	4	0	0
1305	75.887	106.72	4	0	0
1306	75.897	106.64	4	0	0
1307	75.905	106.75	4	0	0
1308	75.907	105.04	4	0	0
1309	75.91	105.59	4	0	0
1310	75.913	105.34	4	0	0
1311	75.946	105.71	4	0	0
1312	75.951	104.21	4	0	0
1313	75.951	106.07	4	0	0
1314	75.956	105.54	4	0	0
1315	75.96	102.01	4	0	0
1316	75.973	105.85	4	0	0
1317	75.98	106.69	4	0	0
1318	75.981	104.63	4	0	0
1319	75.982	105.57	4	0	0
1320	75.983	106.72	4	0	0
1321	75.8	102.54	4	0	0 
1322	75.995	105.58	4	0	0
1323	76	103.9	4	0	0
1324	76.016	104.17	4	0	0
1325	76.02	105.46	4	0	0
1326	76.022	104.28	4	0	0
1327	76.022	105.8	4	0	0
1328	76.028	105.25	4	0	0
1329	76.029	104.38	4	0	0
399	76.036	101.47	1	-399	0
1330	76.043	105.83	4	0	0
1331	76.043	106.28	4	0	0
1332	76.043	109.09	4	0	0
1333	76.044	105.49	4	0	0
1334	76.045	104.61	4	0	0
1335	76.046	102	4	0	0
1336	76.061	102.23	4	0	0
1337	76.063	104.77	4	0	0
1338	76.067	106.04	4	0	0
1339	76.076	109.1	4	0	0
1340	76.077	102.5	4	0	0
1341	76.085	102.65	4	0	0
1342	76.081	105.53	4	0	0
1343	76.085	104.92	4	0	0
1344	76.088	106.71	4	0	0
1345	76.091	102.77	4	0	0
1346	76	103.6	4	0	0
1347	76.131	102.64	4	0	0
1348	76.136	102.48	4	0	0
1349	76.136	103.51	4	0	0
1350	76.137	106.01	4	0	0
1351	76.2	105.6	4	0	0
1352	76.14	105.6	4	0	0
1354	76.158	103.82	4	0	0
1355	76.166	106.24	4	0	0
1356	76.187	104.33	4	0	0
1357	76.187	104.9	4	0	0
1358	76.19	104.69	4	0	0
1359	76.191	104.55	4	0	0
1360	76.195	105.11	4	0	0
1361	76.20	106.93	4	0	0
1362	76.206	105.38	4	0	0
1363	76.21	105.41	4	0	0
1364	76.215	105.45	4	0	0
1365	76.216	105.83	4	0	0
1366	76.222	105.49	4	0	0
1367	76.235	106.21	4	0	0
1368	76.236	105.55	4	0	0
1369	76.239	106.67	4	0	0
1370	76.265	106.96	4	0	0
1371	76.266	106.93	4	0	0
1372	76.268	106.72	4	0	0
1373	76.271	106.73	4	0	0
1374	76.273	102.54	4	0	0
1375	76.29	110.22	4	0	0
1376	76.291	105.81	4	0	0  
1377	76.27	107.04	4	0	0  
1378	76.31	105.9	4	0	0
1379	76.32	105.94	4	0	0
1380	76.367	106.95	4	0	0
1381	76.368	106.16	4	0	0
1382	76.379	105.41	4	0	0
1383	76.385	105.37	4	0	0
1384	76.39	107.96	4	0	0
1385	76.403	106.92	4	0	0
1386	76.413	106.68	4	0	0
1388	76.457	108.78	4	0	0
1389	76.475	106.13	4	0	0
1390	76.476	102.64	4	0	0
1391	76.506	108.73	4	0	0
1392	76.509	104.35	4	0	0
1393	76.517	107.25	4	0	0
1394	76.524	107.21	4	0	0
1395	76.544	105.04	4	0	0
1396	76.564	107.02	4	0	0
1397	76.576	108.73	4	0	0
1398	76.596	105.3	4	0	0
1399	76.608	104.84	4	0	0
1400	76.56	105.32	4	0	0
1401	76.615	107.1	4	0	0
1402	76.626	102.67	4	0	0
1403	76.629	105.38	4	0	0
1404	76.633	102.63	4	0	0
1405	76.641	105.02	4	0	0
1406	76.667	106.89	4	0	0
1407	76.686	102.69	4	0	0
1408	76.691	107.45	4	0	0
1409	76.703	102.73	4	0	0
1410	76.724	105.35	4	0	0
1411	76.728	103.83	4	0	0
1412	76.776	102.96	4	0	0
1413	76.777	102.8	4	0	0
1414	76.777	107.49	4	0	0
1415	76.78	102.6	4	0	0
1416	76.78	102.66	4	0	0
1417	76.793	108.61	4	0	0
1418	76.796	106.44	4	0	0
1419	76.82	102.74	4	0	0
1421	76.822	107.53	4	0	0
1422	76.822	108.63	4	0	0
1423	76.827	107.48	4	0	0
1424	76.845	108.5	4	0	0
1425	76.861	102.96	4	0	0
1426	76.888	107.64	4	0	0
1427	76.901	108.59	4	0	0
1428	76.946	102.66	4	0	0
1429	76.967	105.34	4	0	0
400	76.971	100.9	1	-400	0
1430	76.993	103.46	4	0	0
1431	77.004	102.96	4	0	0
1432	77.005	102.87	4	0	0
1433	77.006	102.56	4	0	0
1434	77.007	102.67	4	0	0
1435	77.007	102.78	4	0	0
1436	77.036	102.85	4	0	0
1437	77.077	102.83	4	0	0
1438	77.09	108.5	4	0	0
1439	77.095	105.32	4	0	0
1440	77.098	108.3	4	0	0
1441	77.132	105.3	4	0	0
1442	77.151	108.33	4	0	0
1443	77.156	108.35	4	0	0
1444	77.16	105.31	4	0	0
1445	77.164	107.87	4	0	0
1446	77.224	104.77	4	0	0
1447	77.239	107.89	4	0	0
1448	77.255	102.88	4	0	0
1449	77.333	105.25	4	0	0
1450	77.337	108.26	4	0	0
1451	77.34	105.29	4	0	0
1452	77.349	105.3	4	0	0
1453	77.358	108.26	4	0	0
1454	77.392	105.23	4	0	0
1455	77.415	102.96	4	0	0
1456	77.423	105.43	4	0	0
1457	77.423	108.68	4	0	0
1458	77.428	105.25	4	0	0
1459	77.429	108.14	4	0	0
1460	77.435	105.27	4	0	0
1461	77.458	104.22	4	0	0
1462	77.464	105.29	4	0	0
1463	77.47	102.89	4	0	0
1464	77.482	108.06	4	0	0
1465	77.484	108.09	4	0	0
1466	77.505	108.19	4	0	0
1467	77.562	108.17	4	0	0
1468	77.57	108.21	4	0	0
1469	77.58	105.27	4	0	0
1470	77.584	107.2	4	0	0
1471	77.611	108.27	4	0	0
1472	77.646	108.3	4	0	0
1473	77.662	105.19	4	0	0
1474	77.662	107.32	4	0	0
1475	77.675	105.1	4	0	0
1476	77.675	105.27	4	0	0
1477	77.709	108.24	4	0	0
1478	77.72	102.95	4	0	0
1479	77.722	105.33	4	0	0
1480	77.726	103.16	4	0	0
1481	77.744	105	4	0	0
1482	77.746	108.09	4	0	0
1483	77.755	107.17	4	0	0
1484	77.755	108.39	4	0	0
1485	77.76	103.16	4	0	0
1486	77.7	103.44	4	0	0
1487	77.77	104.92	4	0	0
1488	77.776	104.94	4	0	0
1489	77.8	104.8	4	0	0
1490	77.792	105.1	4	0	0
1491	77.801	108.35	4	0	0
1492	77.763	103.44	4	0	0
1493	77.818	104.74	4	0	0
1494	77.825	103.54	4	0	0
1495	77.826	104.3	4	0	0
1498	77.853	104.3	4	0	0
1499	77.856	103.84	4	0	0
1500	77.856	104.05	4	0	0
1501	77.856	104.11	4	0	0
1502	77.859	102.93	4	0	0
1503	77.882	104.49	4	0	0
1504	77.885	108.27	4	0	0
1505	77.886	107.42	4	0	0
1506	77.888	103.38	4	0	0
1507	77.892	107.96	4	0	0
1508	77.893	102.48	4	0	0
1509	77.896	104.5	4	0	0
1510	77.896	104.73	4	0	0
1511	77.902	108.25	4	0	0
1512	77.906	103.37	4	0	0
1513	77.912	103.4	4	0	0
1514	77.917	108.23	4	0	0
1515	77.926	104.3	4	0	0
1516	77.936	102.86	4	0	0
1517	77.938	108.21	4	0	0
1518	77.942	103.65	4	0	0
1519	77.962	108.18	4	0	0
1520	77.965	103.22	4	0	0
1521	77.969	103.64	4	0	0
1522	77.976	102.05	4	0	0
1523	77.976	107.95	4	0	0
1524	77.985	107.26	4	0	0
1525	77.87	107.65	4	0	0 
1526	77.99	107.83	4	0	0
1527	77.993	103.44	4	0	0
1528	77.995	101.73	4	0	0
1529	78.002	107.47	4	0	0
1530	78.003	103.2	4	0	0
401	78.009	101.44	1	-401	0
1531	78.015	102.43	4	0	0
1532	78.015	104.72	4	0	0
1533	78.02	103.7	4	0	0
1534	78.03	107.28	4	0	0
1535	78.031	107.83	4	0	0
1536	78.036	104.31	4	0	0
1537	78.037	103.23	4	0	0
1538	78.041	103.34	4	0	0
1539	78.043	103.11	4	0	0
1540	78.049	105.53	4	0	0
1541	78.057	102.81	4	0	0
1542	78.061	103.12	4	0	0
1543	78.061	107.65	4	0	0
1544	78.071	107.36	4	0	0
1545	78.074	108.42	4	0	0
1546	78.076	103.47	4	0	0
1547	78.077	104.86	4	0	0
1548	78.081	108.5	4	0	0
1549	78.095	103.21	4	0	0
1550	78.096	107.2	4	0	0
1551	78.105	103.58	4	0	0
1552	78.109	102.91	4	0	0
1553	78.31	107.33	4	0	0
1554	78.25	107	4	0	0
1555	78.116	107.52	4	0	0
1556	78.118	102.93	4	0	0
1557	78.138	104.1	4	0	0
1558	78.154	104.09	4	0	0
1559	78.155	102.77	4	0	0
1560	78.171	103.03	4	0	0
1561	78.174	102.96	4	0	0
1562	78.176	103.29	4	0	0
1563	78.187	106.6	4	0	0
1564	78.195	102.96	4	0	0
1565	78.239	105.12	4	0	0
1566	78.142	104.31	4	0	0
1567	78.265	103.17	4	0	0
1568	78.277	106.91	4	0	0
1569	78.296	102.9	4	0	0
1570	78.297	103.06	4	0	0
1571	78.302	103.23	4	0	0
1572	78.316	106.6	4	0	0
1573	78.327	108.56	4	0	0
1574	78.532	104.1	4	0	0  
1575	78.333	106.85	4	0	0
1576	78.358	103.06	4	0	0
1577	78.381	106.6	4	0	0
1578	78.387	103.07	4	0	0
1579	78.389	102.86	4	0	0
1580	78.4	106.3	4	0	0
1581	78.411	108.6	4	0	0
1582	78.429	107.65	4	0	0
1583	78.439	107.36	4	0	0
1584	78.448	104.57	4	0	0
1585	78.448	106.87	4	0	0
1586	78.453	106.6	4	0	0
1587	78.46	105.52	4	0	0
1588	78.464	104.56	4	0	0
1589	78.464	105.99	4	0	0
1590	78.468	102.92	4	0	0
1591	78.47	105.59	4	0	0
1592	78.471	105.96	4	0	0
1593	78.487	105.01	4	0	0
1594	78.493	105.68	4	0	0
1595	78.499	106.01	4	0	0
1596	78.513	106.03	4	0	0
1597	78.514	104.71	4	0	0
1598	78.52	104.67	4	0	0
1599	78.528	102.93	4	0	0
1600	78.532	105.66	4	0	0
1601	78.55	105.19	4	0	0
1602	78.551	104.98	4	0	0
1603	78.558	106.06	4	0	0
1604	78.573	105.82	4	0	0
1605	78.574	105.58	4	0	0
1606	78.59	105.14	4	0	0
1607	78.593	105.52	4	0	0
1608	78.608	105.66	4	0	0
1609	78.609	105.17	4	0	0
1610	78.625	102.91	4	0	0
1611	78.634	104.94	4	0	0
1612	78.648	105.63	4	0	0
1613	78.655	102.96	4	0	0
1614	78.658	102.98	4	0	0
1615	78.661	105.29	4	0	0
1616	78.671	102.85	4	0	0
1617	78.68	102.91	4	0	0
1618	78.708	105.91	4	0	0
1619	78.747	105.63	4	0	0
1620	78.764	105.44	4	0	0
1621	78.787	102.77	4	0	0
1622	78.823	105.53	4	0	0
1623	78.839	105.56	4	0	0
1624	78.906	102.9	4	0	0
1625	78.953	102.01	4	0	0
1626	78.961	101.87	4	0	0
1627	78.98	105.78	4	0	0
1628	78.991	105.43	4	0	0
1629	79.007	102.66	4	0	0
1630	79.016	105.4	4	0	0
1631	79.026	102.73	4	0	0
1632	79.039	105.44	4	0	0
1633	79.065	102.76	4	0	0
1634	79.086	101.67	4	0	0
1635	79.11	105.53	4	0	0
1636	79.125	102.85	4	0	0
1637	79.214	101.89	4	0	0
1638	79.238	101.39	4	0	0 
1639	79.276	102.59	4	0	0
1640	79.335	101.88	4	0	0
1641	79.389	102.7	4	0	0
1642	79.4	102.58	4	0	0
1643	79.449	105.36	4	0	0
402	79.501	100.86	1	-402	0
1644	79.517	102.16	4	0	0
1645	79.553	102.51	4	0	0
1646	80.08	105.54	4	0	0
1647	80.328	101.88	4	0	0
1648	80.39	102.12	4	0	0
1649	80.419	102.13	4	0	0
1650	80.433	102.05	4	0	0
1651	80.495	102.14	4	0	0
1652	80.551	102.08	4	0	0
1653	80.553	102.06	4	0	0
1654	80.979	102.01	4	0	0
1655	81.01	102.02	4	0	0
1656	81.075	102.07	4	0	0
1657	81.076	101.89	4	0	0
1658	81.076	101.97	4	0	0
1659	81.157	102.02	4	0	0
1660	81.178	102.01	4	0	0
1661	81.695	102.02	4	0	0
1662	81.696	102.01	4	0	0
1663	81.992	101.89	4	0	0
1664	81.993	101.77	4	0	0
1665	81.993	102.02	4	0	0
1667	82.278	101.89	4	0	0
1668	82.447	101.77	4	0	0
403	82.47	100.02	1	-403	0
1669	82.49	101.71	4	0	0
404	82.528	100.07	1	-404	0
405	82.567	99.889	1	-405	0
1670	82.578	100.52	4	0	0
1671	82.648	100.34	4	0	0
1672	82.648	101.87	4	0	0
1673	82.666	100.33	4	0	0
1674	82.671	101.89	4	0	0
1675	82.747	100.73	4	0	0
1676	82.748	101.41	4	0	0
1677	82.769	100.75	4	0	0
1678	82.774	101.37	4	0	0
1679	82.802	100.44	4	0	0
1680	82.916	101.6	4	0	0
1681	82.955	101.51	4	0	0
1682	82.962	101.53	4	0	0
1683	83.166	101.47	4	0	0
1684	83.225	100.3	4	0	0
1691	76.348	106.99	4	0	0
1692	75.16	102.49	4	0	0
1693	80.9	100.6	4	0	0
1694	80.9	100.955	4	0	0
1695	78.616	101	4	0	0
1696	78.616	101.56	4	0	0