subnodeID	xcord	ycoord	attr	zoneflag	attr1	micpoint	orignode	longitude	latitude	sub
1	51.824	112.42	1	-1	0	41	94363956	-118.48176	34.12416	1
2	51.96	112.88	1	-2	0	44	48854054	-118.4804	34.12878	1
3	51.999	118.66	1	-3	0	45	48876774	-118.48001	34.18663	1
4	52.056	112.92	1	-4	0	46	48854062	-118.47944	34.12916	1
5	52.07	119.39	1	-5	0	47	48876817	-118.4793	34.19391	1
6	52.07	120.13	1	-6	0	48	48877225	-118.4793	34.20125	1
7	52.423	117.17	1	-7	0	52	48884429	-118.47577	34.17171	1
8	52.507	120.39	1	-8	0	54	48885739	-118.47493	34.2039	1
9	52.509	115.52	1	-9	0	53	48883819	-118.47491	34.15518	1
10	52.639	116.44	3	0	0	58	48884318	-118.47361	34.16444	1
11	52.655	116.46	2	-11	0	59	312618209	-118.47345	34.16461	1
12	52.662	116.47	2	-12	0	61	48884398	-118.47338	34.16469	1
13	52.666	121.83	3	0	0	62	48885867	-118.47334	34.21831	1
14	52.686	121.83	2	-14	0	63	48885868	-118.47314	34.2183	1
15	52.826	114.69	1	-15	0	65	48883753	-118.47174	34.14685	1
16	53.015	115.04	1	-16	0	70	48883850	-118.46985	34.15036	1
17	53.046	115.19	1	-17	0	71	48883866	-118.46954	34.15189	1
18	53.379	120.75	1	-18	0	81	48885900	-118.46621	34.20753	1
19	53.743	114.92	1	-19	0	86	48884222	-118.46257	34.14924	1
20	54.255	115.76	1	-20	0	94	48884819	-118.45745	34.15759	1
21	54.689	118.26	1	-21	0	102	48886056	-118.45311	34.18263	1
22	54.797	119.07	1	-22	0	103	48886123	-118.45203	34.19066	1
23	55.123	121.03	1	-23	0	110	48886312	-118.44877	34.21027	1
24	55.563	118.26	1	-24	0	115	48886165	-118.44437	34.18264	1
25	55.564	119.07	1	-25	0	116	48886208	-118.44436	34.19066	1
26	56.001	117.03	1	-26	0	126	48885382	-118.43999	34.17032	1
27	56.001	120.48	1	-27	0	127	48886425	-118.43999	34.20482	1
28	56.002	117.39	1	-28	0	128	48885387	-118.43998	34.17393	1
29	56.004	119.75	1	-29	0	129	48886247	-118.43996	34.19754	1
30	56.437	117.58	1	-30	0	141	48887180	-118.43563	34.17576	1
31	56.437	118.3	1	-31	0	142	48888201	-118.43563	34.18304	1
32	56.549	119.75	1	-32	0	145	48888295	-118.43451	34.19754	1
33	56.65	116.12	1	-33	0	149	48887104	-118.4335	34.16122	1
34	56.888	120.82	1	-34	0	153	311859867	-118.43112	34.20824	1
35	56.934	114.48	1	-35	0	154	48886718	-118.43066	34.14484	1
36	57.092	116.12	1	-36	0	159	48887133	-118.42908	34.16122	1
37	57.098	113.43	1	-37	0	160	48869452	-118.42902	34.13427	1
38	57.198	118.3	1	-38	0	163	48888251	-118.42802	34.18304	1
39	57.204	117.57	1	-39	0	165	48887225	-118.42796	34.17572	1
40	57.312	119.76	1	-40	0	167	48888426	-118.42688	34.19758	1
41	57.746	120.63	1	-41	0	176	48888772	-118.42254	34.2063	1
42	57.747	119.03	1	-42	0	177	48888452	-118.42253	34.1903	1
43	57.749	114.36	1	-43	0	178	48886941	-118.42251	34.14362	1
44	57.749	115.17	1	-44	0	179	48887041	-118.42251	34.15167	1
45	57.749	119.76	1	-45	0	180	48888482	-118.42251	34.19757	1
46	57.75	117.58	1	-46	0	181	48887419	-118.4225	34.17576	1
47	58.181	116.84	1	-47	0	190	48887343	-118.41819	34.16836	1
48	58.185	114.82	1	-48	0	191	48886994	-118.41815	34.14824	1
49	58.185	115.4	1	-49	0	192	48887055	-118.41815	34.15399	1
50	58.365	119.03	1	-50	0	197	48888997	-118.41635	34.19029	1
51	58.561	121.42	1	-51	0	206	311862501	-118.41439	34.21421	1
52	59.003	119.03	1	-52	0	214	48889039	-118.40997	34.19033	1
53	59.055	114.67	1	-53	0	216	48887576	-118.40945	34.14673	1
54	59.057	116.83	1	-54	0	217	48887983	-118.40943	34.1683	1
55	59.176	121.43	3	0	0	219	805752132	-118.40824	34.21428	1
56	59.262	118.3	1	-56	0	222	48888968	-118.40738	34.18304	1
57	59.283	121.1	2	-57	0	224	805753288	-118.40717	34.21099	1
58	59.475	121.44	1	-58	0	227	48889761	-118.40525	34.2144	1
59	59.805	118.31	1	-59	0	235	48889151	-118.40195	34.18306	1
60	59.911	116.13	1	-60	0	240	48888090	-118.40089	34.16125	1
61	59.913	114.86	1	-61	0	241	48887785	-118.40087	34.14855	1
62	59.913	115.22	1	-62	0	242	48887856	-118.40087	34.15216	1
63	60.349	121.39	1	-63	0	249	49266556	-118.39651	34.21388	1
64	60.682	116.13	1	-64	0	262	49265028	-118.39318	34.16125	1
65	61.222	121.48	1	-65	0	274	49266618	-118.38778	34.21479	1
66	61.438	113.58	1	-66	0	285	49242205	-118.38562	34.1358	1
67	61.448	110.84	1	-67	0	286	49241414	-118.38552	34.10839	1
68	61.66	117.58	1	-68	0	288	49265357	-118.3834	34.17577	1
69	61.663	115.22	1	-69	0	289	49264896	-118.38337	34.15219	1
70	61.664	114.86	1	-70	0	290	49264830	-118.38336	34.14857	1
71	61.882	114.67	1	-71	0	296	49264861	-118.38118	34.14672	1
72	62.096	119.03	1	-72	0	304	49266469	-118.37904	34.19031	1
73	62.097	119.79	1	-73	0	305	49266481	-118.37903	34.19792	1
74	62.097	120.48	1	-74	0	306	49266673	-118.37903	34.20481	1
75	62.275	114.68	1	-75	0	312	49264877	-118.37725	34.14675	1
76	62.368	117.58	1	-76	0	314	49266010	-118.37632	34.17578	1
77	62.748	120.48	1	-77	0	321	49266996	-118.37252	34.20482	1
78	62.967	121.39	1	-78	0	325	49267064	-118.37033	34.21388	1
79	63.294	120.48	1	-79	0	338	49267020	-118.36706	34.20481	1
80	63.369	114.81	1	-80	0	339	49265785	-118.36631	34.14806	1
81	63.518	116.13	1	-81	0	342	49266063	-118.36482	34.16128	1
82	64.028	112.42	1	-82	0	360	49244118	-118.35972	34.12421	1
83	64.071	114.79	1	-83	0	363	49265811	-118.35929	34.14791	1
84	64.12	122.08	3	0	0	364	311823354	-118.3588	34.22081	1
85	64.173	116.13	1	-85	0	366	49266101	-118.35827	34.1613	1
86	64.221	122.15	1	-86	0	367	298353668	-118.35779	34.2215	1
87	64.261	122.05	2	-87	0	370	49267283	-118.35739	34.22049	1
88	64.288	112.42	1	-88	0	374	49244153	-118.35712	34.12415	1
89	64.318	113.74	1	-89	0	378	94327738	-118.35682	34.1374	1
90	64.366	121.04	1	-90	0	379	49267201	-118.35634	34.21044	1
91	64.855	118.11	1	-91	0	398	49268569	-118.35145	34.18112	1
92	64.863	113.47	1	-92	0	399	825384182	-118.35137	34.1347	1
93	64.868	118.84	1	-93	0	400	49268581	-118.35132	34.18839	1
94	65.32	121.6	1	-94	0	417	49268994	-118.34674	34.21323	1
95	65.446	119.93	1	-95	0	422	49268755	-118.34554	34.19927	1
96	65.519	118.1	1	-96	0	429	49268687	-118.34481	34.18103	1
97	65.534	118.83	1	-97	0	430	49268700	-118.34466	34.18831	1
98	65.59	112.44	1	-98	0	433	49246806	-118.3441	34.12444	1
99	65.665	114.31	1	-99	0	436	297530052	-118.34335	34.14308	1
100	65.738	117.34	1	-100	0	444	49267982	-118.34262	34.17343	1
101	65.957	112.36	1	-101	0	459	49246936	-118.34043	34.1236	1
102	66.266	121.01	1	-102	0	472	49269145	-118.33734	34.21006	1
103	66.38	116.75	1	-103	0	473	49267973	-118.3362	34.16747	1
104	66.864	115.5	1	-104	0	484	49268138	-118.33136	34.15497	1
105	67.001	116.95	1	-105	0	489	49268421	-118.32999	34.16954	1
106	67.068	115.05	1	-106	0	494	49268153	-118.32932	34.15084	1
107	67.342	114.88	1	-107	0	500	49268086	-118.32658	34.14877	1
108	67.606	115.7	1	-108	0	510	801755752	-118.32394	34.15568	1
109	68.399	117.9	1	-109	0	541	49268557	-118.31601	34.17902	1
110	68.515	118.74	1	-110	0	545	49275647	-118.31485	34.18744	1
111	69.354	118.13	1	-111	0	580	49275670	-118.30646	34.18129	1
112	69.395	117.68	1	-112	0	582	49274346	-118.30605	34.1768	1
113	69.578	118.18	1	-113	0	600	49275767	-118.30422	34.18175	1
114	69.862	118.78	1	-114	0	615	49275789	-118.30138	34.18784	1
115	70.504	117.91	1	-115	0	658	49274679	-118.29496	34.17908	1
116	70.974	114.2	1	-116	0	676	49274687	-118.29026	34.14199	1
117	71.039	117.12	1	-117	0	681	49275418	-118.28961	34.17117	1
118	71.267	115.8	1	-118	0	696	49274982	-118.28733	34.15544	1
119	71.51	114.5	1	-119	0	721	49274938	-118.2849	34.1499	1
120	71.56	116	1	-120	0	726	49275388	-118.2844	34.15999	1
121	72.005	116.99	1	-121	0	747	49275553	-118.27995	34.16989	1
122	72.209	115	1	-122	0	759	49275247	-118.27791	34.15283	1
123	72.76	115.25	1	-123	0	787	49276636	-118.27234	34.15398	1
124	72.888	115.6	1	-124	0	788	49276687	-118.27112	34.15561	1
125	73.171	115.56	3	0	0	805	49276731	-118.26829	34.15558	1
126	73.175	115.54	2	-126	0	806	49276575	-118.26825	34.14182	1
127	73.176	115.54	2	-127	0	807	297805712	-118.26824	34.15542	1
128	73.182	113.34	1	-128	0	808	49262633	-118.26818	34.13339	1
129	73.22	114.2	3	0	0	812	49276576	-118.2678	34.14197	1
130	74.217	113.35	1	-130	0	863	49262808	-118.25783	34.13351	1
131	51.752	111.02	1	-131	0	1238	48853668	-118.48248	34.11019	1
132	52.2	110.06	1	-132	0	1258	48863932	-118.478	34.1006	1
133	52.324	109.63	1	-133	0	1268	48862205	-118.47676	34.09625	1
134	55.372	110.6	1	-134	0	1491	48865290	-118.44628	34.10601	1
135	59.512	111.01	1	-135	0	1781	48870337	-118.40488	34.11006	1
136	63.45	110.19	1	-136	0	2244	49243047	-118.3655	34.10185	1
137	66.351	111.3	1	-137	0	2544	49246222	-118.33649	34.11299	1
138	66.412	111.12	1	-138	0	2550	49246218	-118.33588	34.11123	1
139	66.537	111.15	1	-139	0	2571	49247498	-118.33463	34.11149	1
140	66.594	110.99	1	-140	0	2577	49247468	-118.33406	34.1099	1
141	66.614	111	1	-141	0	2581	49247482	-118.33386	34.11001	1
142	72.588	112.49	1	-142	0	3386	49262519	-118.27412	34.12486	1
143	72.633	112.74	1	-143	0	3413	49262530	-118.27367	34.12737	1
144	72.681	112.67	1	-144	0	3422	49262531	-118.27319	34.1267	1
145	74.076	112.83	1	-145	0	3660	49262715	-118.25924	34.12833	1
1	43.383	104.16	1	-1	0	1	826578731	-118.56617	34.04156	2
2	46.666	104.7	1	-2	0	2	48847227	-118.53334	34.04697	2
3	46.818	105.08	1	-3	0	3	48847255	-118.53182	34.05082	2
4	47.373	104.56	1	-4	0	4	48847408	-118.52627	34.04559	2
5	47.547	104.82	1	-5	0	5	48847630	-118.52453	34.04821	2
6	47.583	103.37	1	-6	0	6	48846737	-118.52417	34.03371	2
7	48.435	104.93	1	-7	0	7	48848839	-118.51565	34.04931	2
8	49.18	102.73	1	-8	0	8	48848529	-118.5082	34.02726	2
9	49.319	103.97	1	-9	0	9	48849005	-118.50681	34.03967	2
10	49.329	102.64	1	-10	0	10	48848534	-118.50671	34.02637	2
11	49.375	105.16	1	-11	0	11	48849118	-118.50625	34.05157	2
12	49.606	105.04	1	-12	0	12	48849151	-118.50394	34.05042	2
13	49.707	102.94	1	-13	0	13	48848612	-118.50293	34.02935	2
14	49.815	101.9	2	-14	0	14	298098234	-118.50185	34.01895	2
15	49.933	103.37	1	-15	0	15	48848626	-118.50067	34.03371	2
16	49.94	102.26	1	-16	0	16	48848520	-118.5006	34.02264	2
17	50.008	102.05	1	-17	0	17	298098242	-118.49992	34.0205	2
18	50.249	101.84	1	-18	0	18	813258162	-118.49751	34.01839	2
19	50.318	102.57	1	-19	0	19	48849256	-118.49682	34.0257	2
20	50.338	103.66	1	-20	0	20	48849463	-118.49662	34.03655	2
21	50.342	103.96	1	-21	0	21	48849467	-118.49658	34.03958	2
22	50.602	102.8	1	-22	0	22	48849305	-118.49398	34.028	2
23	50.622	103.57	1	-23	0	23	48849323	-118.49378	34.0357	2
24	50.667	102.59	1	-24	0	24	48849272	-118.49333	34.02588	2
25	50.675	101.48	1	-25	0	25	838864491	-118.49325	34.01477	2
26	50.675	104.23	1	-26	0	26	48849498	-118.49325	34.04234	2
27	50.917	103.32	1	-27	0	27	48849327	-118.49083	34.03315	2
28	50.959	104.14	1	-28	0	28	48849496	-118.49041	34.04143	2
29	50.981	103.11	1	-29	0	29	48849318	-118.49019	34.03107	2
30	50.987	102.31	1	-30	0	30	48849275	-118.49013	34.02314	2
31	51.233	103.05	1	-31	0	32	48849412	-118.48767	34.03047	2
32	51.299	102.05	1	-32	0	33	48849340	-118.48701	34.02046	2
33	51.376	105.94	1	-33	0	34	48852542	-118.48624	34.05943	2
34	51.438	105.5	1	-34	0	36	48849800	-118.48562	34.05501	2
35	51.509	105.32	1	-35	0	37	48849797	-118.48491	34.05318	2
36	51.555	102.77	1	-36	0	38	48849415	-118.48445	34.02772	2
37	51.764	103.48	1	-37	0	39	48849449	-118.48236	34.03478	2
38	51.805	101.61	1	-38	0	40	48849374	-118.48195	34.01611	2
39	51.924	111.14	1	-39	0	43	48853694	-118.48076	34.11144	2
40	52.087	103.2	1	-40	0	49	48849453	-118.47913	34.03204	2
41	52.411	104.09	1	-41	0	51	48856251	-118.47589	34.04092	2
42	52.536	104.41	1	-42	0	55	48856266	-118.47464	34.0441	2
43	52.562	103.06	1	-43	0	56	48856065	-118.47438	34.03062	2
44	52.786	103.77	1	-44	0	64	48856274	-118.47214	34.0377	2
45	52.897	103.34	1	-45	0	67	48856103	-118.47103	34.03339	2
46	53.08	108.53	1	-46	0	73	48862156	-118.4692	34.08527	2
47	53.137	107.31	1	-47	0	74	838789359	-118.46863	34.07369	2
48	53.227	103.16	1	-48	0	75	48856204	-118.46773	34.03164	2
49	53.264	108.04	1	-49	0	76	48862281	-118.46736	34.08039	2
50	53.279	101.67	1	-50	0	77	48856109	-118.46721	34.01673	2
51	53.326	107.19	1	-51	0	80	838789427	-118.46674	34.07193	2
52	53.427	104.85	1	-52	0	82	48856485	-118.46573	34.04852	2
53	53.523	102.81	1	-53	0	84	48856194	-118.46477	34.02809	2
54	53.643	106.6	1	-54	0	85	48861698	-118.46357	34.06595	2
55	53.935	103.4	1	-55	0	90	48856242	-118.46065	34.034	2
56	54.063	102.67	1	-56	0	92	48856229	-118.45937	34.02667	2
57	54.378	102.27	1	-57	0	95	48856599	-118.45622	34.02266	2
58	54.528	103.88	1	-58	0	97	48857035	-118.45472	34.03884	2
59	54.636	104.75	1	-59	0	100	48857093	-118.45364	34.04748	2
60	54.675	107.06	1	-60	0	101	48862867	-118.45325	34.07056	2
61	54.906	104.11	1	-61	0	104	48857061	-118.45094	34.04111	2
62	54.969	104.37	1	-62	0	105	48857077	-118.45031	34.04366	2
63	54.993	104.84	1	-63	0	106	48857197	-118.45007	34.04838	2
64	55.026	110.68	1	-64	0	108	48865283	-118.44974	34.10684	2
65	55.064	104.42	1	-65	0	109	48857082	-118.44936	34.04419	2
66	55.365	105.61	1	-66	0	111	48857435	-118.44635	34.05609	2
67	55.466	103.79	1	-67	0	112	48857336	-118.44534	34.03787	2
68	55.471	106.37	1	-68	0	113	48862967	-118.44529	34.06369	2
69	55.72	103.5	1	-69	0	117	48857010	-118.4428	34.03503	2
70	55.789	105.12	1	-70	0	119	48857455	-118.44211	34.0512	2
71	55.958	106.17	1	-71	0	123	48862990	-118.44042	34.06166	2
72	56.098	105.8	1	-72	0	131	48862987	-118.43902	34.058	2
73	56.098	106.35	1	-73	0	132	48863028	-118.43902	34.06349	2
74	56.186	104.66	1	-74	0	134	48857405	-118.43814	34.04659	2
75	56.35	104.31	1	-75	0	138	48859895	-118.4365	34.04311	2
76	56.404	104.56	1	-76	0	140	48859899	-118.43596	34.04562	2
77	56.452	105.26	1	-77	0	143	298950661	-118.43548	34.05262	2
78	56.592	104.03	1	-78	0	146	48859892	-118.43408	34.04027	2
79	56.636	107.57	1	-79	0	147	48866228	-118.43364	34.07574	2
80	56.691	106.52	1	-80	0	150	48866049	-118.43309	34.0652	2
81	56.764	104.78	1	-81	0	151	48859976	-118.43236	34.04775	2
82	56.983	106.29	1	-82	0	157	48866104	-118.43017	34.0629	2
83	57.061	104.74	1	-83	0	158	48859984	-118.42939	34.04741	2
84	57.197	105.73	1	-84	0	162	48866077	-118.42803	34.0573	2
85	57.22	107.11	1	-85	0	166	48866439	-118.4278	34.07107	2
86	57.542	103.06	1	-86	0	172	48859759	-118.42458	34.0306	2
87	57.558	104.79	1	-87	0	173	48860125	-118.42442	34.04788	2
88	57.767	104.55	1	-88	0	182	48860103	-118.42233	34.04545	2
89	57.842	102.68	1	-89	0	183	48859796	-118.42158	34.02681	2
90	57.954	104.33	1	-90	0	186	48860102	-118.42046	34.04325	2
91	58.213	108.07	1	-91	0	193	48866994	-118.41787	34.08069	2
92	58.227	105.5	1	-92	0	194	48860250	-118.41773	34.05496	2
93	58.292	103.53	1	-93	0	195	48860406	-118.41708	34.03526	2
94	58.442	107.6	1	-94	0	201	48867518	-118.41558	34.076	2
95	58.487	109.07	1	-95	0	203	48867933	-118.41513	34.09068	2
96	58.534	106.16	1	-96	0	204	811289645	-118.41466	34.06159	2
97	58.543	106.5	1	-97	0	205	838864247	-118.41457	34.06496	2
98	58.636	103.73	1	-98	0	208	48860785	-118.41364	34.03732	2
99	58.937	102.71	1	-99	0	212	48860440	-118.41063	34.02712	2
100	58.96	104.11	1	-100	0	213	48860842	-118.4104	34.04115	2
101	59.121	107.26	1	-101	0	218	48867572	-118.40879	34.07258	2
102	59.255	108.9	1	-102	0	221	48868086	-118.40745	34.08902	2
103	59.466	108.38	1	-103	0	226	48868242	-118.40534	34.08377	2
104	59.59	107.6	1	-104	0	232	48867701	-118.4041	34.07599	2
105	59.871	106.22	1	-105	0	237	48867644	-118.40129	34.06223	2
106	59.886	104.95	1	-106	0	239	48861258	-118.40114	34.04948	2
107	60.084	111.15	1	-107	0	243	48870465	-118.39916	34.1115	2
108	60.3	106.22	1	-108	0	247	49238397	-118.397	34.06222	2
109	60.328	102.95	1	-109	0	248	49233231	-118.39672	34.02951	2
110	60.441	104.01	1	-110	0	254	49233644	-118.39559	34.04009	2
111	60.54	103.47	1	-111	0	256	49233284	-118.3946	34.03475	2
112	60.569	103.55	1	-112	0	258	49233290	-118.39431	34.03545	2
113	60.63	103.69	1	-113	0	260	49233650	-118.3937	34.03694	2
114	60.777	107.08	1	-114	0	265	49238457	-118.39223	34.07081	2
115	60.777	107.35	1	-115	0	266	49238468	-118.39223	34.07354	2
116	60.819	106.22	1	-116	0	268	49238425	-118.39181	34.06221	2
117	60.849	103.88	1	-117	0	269	49233731	-118.39151	34.03884	2
118	60.896	105.24	1	-118	0	270	49233865	-118.39104	34.05243	2
119	60.932	107.53	1	-119	0	271	49238511	-118.39068	34.07529	2
120	61.127	107.53	1	-120	0	272	49238519	-118.38873	34.07528	2
121	61.132	106.22	1	-121	0	273	49238435	-118.38868	34.06222	2
122	61.252	105.25	1	-122	0	276	49233881	-118.38748	34.05245	2
123	61.321	105.71	1	-123	0	278	49238525	-118.38679	34.05709	2
124	61.33	106.93	1	-124	0	279	49238590	-118.3867	34.06926	2
125	61.335	106.5	1	-125	0	280	49238540	-118.38665	34.06501	2
126	61.338	106.22	1	-126	0	281	49238537	-118.38662	34.06222	2
127	61.356	105.25	1	-127	0	282	49234018	-118.38644	34.05245	2
128	61.427	103.78	1	-128	0	284	49233888	-118.38573	34.03782	2
129	61.514	107.53	1	-129	0	287	49238633	-118.38486	34.07528	2
130	61.72	107.53	1	-130	0	291	811084598	-118.3828	34.07529	2
131	61.727	104.42	1	-131	0	292	49233921	-118.38273	34.04416	2
132	61.806	105.18	1	-132	0	293	49234017	-118.38194	34.05181	2
133	61.855	104.81	1	-133	0	294	49234034	-118.38145	34.0481	2
134	61.956	109.93	1	-134	0	298	49241157	-118.38044	34.09927	2
135	62.047	106.93	1	-135	0	300	49238653	-118.37953	34.0693	2
136	62.06	106.51	1	-136	0	301	49238581	-118.3794	34.06505	2
137	62.061	105.71	1	-137	0	302	49238561	-118.37939	34.05713	2
138	62.069	106.1	1	-138	0	303	49238566	-118.37931	34.06096	2
139	62.115	105.12	1	-139	0	307	49234047	-118.37885	34.05121	2
140	62.275	106.29	1	-140	0	311	49238584	-118.37725	34.06293	2
141	62.289	108.02	1	-141	0	313	49239252	-118.37711	34.08022	2
142	62.473	108.02	1	-142	0	315	49239990	-118.37527	34.08018	2
143	62.494	106.24	1	-143	0	316	49239610	-118.37506	34.06237	2
144	62.549	105.04	1	-144	0	317	49234686	-118.37451	34.05039	2
145	62.59	104.21	1	-145	0	318	49234626	-118.3741	34.04213	2
146	62.72	105.01	1	-146	0	319	49234693	-118.3728	34.05007	2
147	62.727	104.65	1	-147	0	320	49234635	-118.37273	34.04645	2
148	62.875	105.44	1	-148	0	322	49234736	-118.37125	34.05439	2
149	63.109	109.54	1	-149	0	327	49240198	-118.36891	34.09542	2
150	63.152	106.27	1	-150	0	328	49239689	-118.36848	34.06271	2
151	63.188	106.48	1	-151	0	329	49239692	-118.36812	34.06479	2
152	63.195	108.54	1	-152	0	330	49240063	-118.36805	34.08543	2
153	63.198	108.15	1	-153	0	331	49240049	-118.36802	34.08153	2
154	63.2	107.43	1	-154	0	332	49239793	-118.368	34.07428	2
155	63.234	103.04	1	-155	0	333	49234309	-118.36766	34.03044	2
156	63.251	110.06	1	-156	0	334	49242737	-118.36749	34.10059	2
157	63.254	109.44	1	-157	0	335	49240208	-118.36746	34.09437	2
158	63.256	107.06	1	-158	0	336	49239781	-118.36744	34.07056	2
159	63.286	105.6	1	-159	0	337	49234746	-118.36714	34.056	2
160	63.409	108.9	1	-160	0	340	49240286	-118.36591	34.089	2
161	63.504	106.53	1	-161	0	341	49239828	-118.36496	34.06528	2
162	63.553	109.44	1	-162	0	343	49240317	-118.36447	34.09441	2
163	63.611	105.55	1	-163	0	344	49234860	-118.36389	34.05545	2
164	63.629	106.12	1	-164	0	345	49239819	-118.36371	34.06117	2
165	63.699	109.44	1	-165	0	348	49240322	-118.36301	34.09445	2
166	63.73	108.72	1	-166	0	349	49240250	-118.3627	34.0872	2
167	63.733	107.82	1	-167	0	350	49240224	-118.36267	34.07819	2
168	63.843	110.22	1	-168	0	353	337601182	-118.36157	34.10221	2
169	63.944	102.85	1	-169	0	356	49234550	-118.36056	34.02851	2
170	63.946	108.72	1	-170	0	357	49240273	-118.36054	34.08719	2
171	63.961	107.82	1	-171	0	358	49240257	-118.36039	34.07818	2
172	63.963	109.44	1	-172	0	359	49240344	-118.36037	34.09444	2
173	64.064	106.08	1	-173	0	362	49239849	-118.35936	34.06082	2
174	64.134	105.37	1	-174	0	365	49234912	-118.35866	34.0537	2
175	64.256	105.16	1	-175	0	368	49234888	-118.35744	34.05163	2
176	64.26	108.54	1	-176	0	369	49240280	-118.3574	34.08536	2
177	64.262	108.18	1	-177	0	371	49240268	-118.35738	34.08179	2
178	64.263	106.49	1	-178	0	372	811126884	-118.35737	34.06487	2
179	64.369	107.22	1	-179	0	380	809645171	-118.35631	34.07224	2
180	64.432	106.07	1	-180	0	382	49244424	-118.35568	34.06074	2
181	64.458	102.96	1	-181	0	383	49236956	-118.35542	34.02957	2
182	64.499	109.17	1	-182	0	384	49244814	-118.35501	34.0917	2
183	64.514	105.1	1	-183	0	385	49237457	-118.35486	34.05101	2
184	64.573	108.02	1	-184	0	387	49244759	-118.35427	34.08022	2
185	64.607	109.44	1	-185	0	388	49244838	-118.35393	34.0944	2
186	64.643	103.93	1	-186	0	390	49237370	-118.35357	34.0393	2
187	64.711	110.35	1	-187	0	391	49245687	-118.35289	34.10346	2
188	64.799	102.46	1	-188	0	393	49236899	-118.35201	34.02464	2
189	64.825	109.44	1	-189	0	395	49244849	-118.35175	34.09436	2
190	64.838	105.09	1	-190	0	396	49237477	-118.35162	34.0509	2
191	64.853	106.49	1	-191	0	397	49244480	-118.35147	34.06488	2
192	64.873	104.36	1	-192	0	401	49237393	-118.35127	34.04362	2
193	64.888	108.02	1	-193	0	402	49244767	-118.35112	34.08023	2
194	64.893	107.1	1	-194	0	403	49244583	-118.35107	34.07102	2
195	64.896	106.93	1	-195	0	404	49244577	-118.35104	34.06929	2
196	64.944	105.36	1	-196	0	405	49237546	-118.35056	34.05356	2
197	65.01	102.73	1	-197	0	406	49237031	-118.3499	34.02734	2
198	65.053	103.87	1	-198	0	407	49237408	-118.34947	34.0387	2
199	65.132	108.18	1	-199	0	408	49244791	-118.34868	34.08183	2
200	65.132	108.53	1	-200	0	409	49244802	-118.34868	34.08528	2
201	65.133	107.83	1	-201	0	410	49244787	-118.34867	34.07826	2
202	65.135	107.36	1	-202	0	411	49244616	-118.34865	34.07357	2
203	65.22	106.06	1	-203	0	413	49244501	-118.3478	34.06058	2
204	65.232	105.48	1	-204	0	414	49237557	-118.34768	34.05476	2
205	65.256	103.83	1	-205	0	415	49237414	-118.34744	34.03828	2
206	65.283	109.44	1	-206	0	416	49244874	-118.34717	34.09435	2
207	65.323	110.03	3	0	0	418	49245714	-118.34677	34.10026	2
208	65.341	105.45	1	-208	0	419	49237558	-118.34659	34.05454	2
209	65.351	105.89	1	-209	0	420	49244500	-118.34649	34.05888	2
210	65.444	110.27	1	-210	0	421	49245911	-118.34556	34.10269	2
211	65.479	108.71	1	-211	0	425	49244897	-118.34521	34.08708	2
212	65.482	107.83	1	-212	0	426	49244878	-118.34518	34.07828	2
213	65.485	106.69	1	-213	0	427	49244642	-118.34515	34.06689	2
214	65.487	107.36	1	-214	0	428	49244714	-118.34513	34.07357	2
215	65.578	105.89	1	-215	0	432	49244626	-118.34422	34.05886	2
216	65.664	110.03	1	-216	0	435	49245915	-118.34336	34.10033	2
217	65.669	110.41	1	-217	0	437	49245948	-118.34331	34.10414	2
218	65.705	107.83	1	-218	0	438	49244884	-118.34295	34.07828	2
219	65.707	106.69	1	-219	0	439	49244652	-118.34293	34.06688	2
220	65.708	107.36	1	-220	0	440	49244718	-118.34292	34.07358	2
221	65.716	109.44	1	-221	0	441	49244964	-118.34284	34.09435	2
222	65.72	108.71	1	-222	0	442	49244903	-118.3428	34.08709	2
223	65.722	108.03	1	-223	0	443	49244888	-118.34278	34.08026	2
224	65.837	108.89	1	-224	0	447	49244954	-118.34163	34.08889	2
225	65.837	109.26	1	-225	0	448	49244958	-118.34163	34.09255	2
226	65.847	109.43	1	-226	0	449	49244966	-118.34153	34.09433	2
227	65.87	106.05	1	-227	0	450	49244635	-118.3413	34.06045	2
228	65.902	103.69	1	-228	0	451	49237577	-118.34098	34.03695	2
229	65.924	106.28	1	-229	0	452	840323038	-118.34076	34.06278	2
230	65.933	105.88	1	-230	0	453	49244658	-118.34067	34.0588	2
231	65.95	109.61	1	-231	0	458	49244995	-118.3405	34.09615	2
232	66.023	105.13	1	-232	0	463	49237705	-118.33977	34.05125	2
233	66.031	108.53	1	-233	0	464	49244934	-118.33969	34.08526	2
234	66.111	104.22	1	-234	0	465	49237636	-118.33889	34.04225	2
235	66.19	105.91	1	-235	0	467	49244670	-118.3381	34.05906	2
236	66.25	109.62	1	-236	0	469	49245004	-118.3375	34.09616	2
237	66.259	108.53	1	-237	0	471	49244941	-118.33741	34.08526	2
238	66.52	107.11	1	-238	0	476	49245140	-118.3348	34.07106	2
239	66.528	105.45	1	-239	0	477	49238190	-118.33472	34.05446	2
240	66.711	105.89	1	-240	0	479	49245028	-118.33289	34.05893	2
241	66.844	106.4	1	-241	0	483	49245053	-118.33156	34.06396	2
242	66.894	108.16	1	-242	0	485	49245362	-118.33106	34.08159	2
243	66.896	109.25	1	-243	0	486	49245439	-118.33104	34.09253	2
244	66.899	108.89	1	-244	0	487	49245432	-118.33101	34.08891	2
245	66.904	108.53	1	-245	0	488	49245378	-118.33096	34.08528	2
246	67.011	109.44	1	-246	0	490	49245477	-118.32989	34.09435	2
247	67.051	109.61	1	-247	0	491	49245488	-118.32949	34.09615	2
248	67.553	109.44	1	-248	0	509	49245586	-118.32447	34.09438	2
249	67.625	109.62	1	-249	0	511	49245591	-118.32375	34.09619	2
250	67.625	109.98	1	-250	0	512	49247802	-118.32375	34.09981	2
251	67.759	110.91	1	-251	0	521	49248004	-118.32241	34.10912	2
252	51.207	100.52	1	-252	0	1210	48847919	-118.48793	34.00523	2
253	51.579	100.67	1	-253	0	1226	48848024	-118.48421	34.00666	2
254	51.89	111.96	1	-254	0	1242	48853945	-118.4811	34.11963	2
255	52.028	112.11	1	-255	0	1251	48853948	-118.47972	34.1211	2
256	52.068	112.3	1	-256	0	1253	48853949	-118.47932	34.12299	2
257	52.368	100.69	1	-257	0	1271	48854932	-118.47632	34.00695	2
258	53.138	101.14	1	-258	0	1345	48855162	-118.46862	34.01144	2
259	53.82	101.54	1	-259	0	1400	48855220	-118.4618	34.01539	2
260	55.122	102.31	1	-260	0	1463	48856623	-118.44878	34.02313	2
261	55.368	102.45	1	-261	0	1490	48856813	-118.44632	34.02447	2
262	55.791	113.07	1	-262	0	1514	48865921	-118.44209	34.13066	2
263	56.135	102.27	1	-263	0	1541	48856899	-118.43865	34.02266	2
264	56.589	102.49	1	-264	0	1562	48859360	-118.43411	34.02492	2
265	57.487	101.83	1	-265	0	1627	48859679	-118.42513	34.01832	2
266	57.78	101.92	1	-266	0	1644	48859718	-118.4222	34.01924	2
267	58.191	101.16	1	-267	0	1662	48858212	-118.41809	34.01158	2
268	58.204	101.17	1	-268	0	1663	48858213	-118.41796	34.01172	2
269	58.838	102.47	1	-269	0	1732	48860313	-118.41162	34.02473	2
270	59.603	102.05	1	-270	0	1789	48860534	-118.40397	34.02049	2
271	59.657	112.66	1	-271	0	1793	48870990	-118.40343	34.12659	2
272	60.112	102.34	1	-272	0	1842	48860590	-118.39888	34.0234	2
273	60.584	102.44	1	-273	0	1910	297823386	-118.39416	34.02439	2
274	62.585	111.48	1	-274	0	2115	49242890	-118.37415	34.11482	2
275	62.764	102.17	1	-275	0	2125	49234114	-118.37236	34.0217	2
276	64.439	102.15	1	-276	0	2331	49236878	-118.35561	34.02153	2
277	65.839	112.33	1	-277	0	2487	297472476	-118.34161	34.12327	2
278	65.946	103.26	1	-278	0	2497	49237321	-118.34054	34.03257	2
279	65.95	102.56	1	-279	0	2498	49237221	-118.3405	34.02557	2
280	66.13	112	1	-280	0	2513	49246909	-118.3387	34.11996	2
281	66.238	103.48	1	-281	0	2534	49237351	-118.33762	34.03476	2
282	66.241	103.5	1	-282	0	2535	49237352	-118.33759	34.03496	2
283	66.269	111.78	1	-283	0	2538	49246257	-118.33731	34.11775	2
284	66.273	111.52	1	-284	0	2539	49246235	-118.33727	34.11524	2
285	66.398	111.52	1	-285	0	2549	49246245	-118.33602	34.11518	2
286	66.893	103.99	1	-286	0	2597	49238098	-118.33107	34.03986	2
287	67.159	104.47	1	-287	0	2631	49238153	-118.32841	34.0447	2
288	67.209	105.53	1	-288	0	2635	49238233	-118.32791	34.05528	2
289	67.235	106.19	1	-289	0	2636	49245102	-118.32765	34.06191	2
290	67.267	106.89	1	-290	0	2638	49245182	-118.32733	34.06894	2
291	67.28	107.61	1	-291	0	2640	49245197	-118.3272	34.07608	2
292	67.33	104.78	1	-292	0	2645	49238211	-118.3267	34.04783	2
293	67.339	108.35	1	-293	0	2651	49245415	-118.32661	34.0835	2
294	68.062	110.38	1	-294	0	2709	49247891	-118.31938	34.10379	2
295	68.128	110.37	1	-295	0	2713	49247908	-118.31872	34.10369	2
296	68.201	109.8	1	-296	0	2725	49247882	-118.31799	34.09804	2
297	68.201	110.17	1	-297	0	2726	49247887	-118.31799	34.10167	2
298	68.202	110.53	1	-298	0	2727	49247940	-118.31798	34.10525	2
299	68.425	109.07	1	-299	0	2761	49245640	-118.31575	34.09074	2
1	65.945	103.11	1	-1	0	454	49237310	-118.34055	34.03111	3
2	65.948	102.76	1	-2	0	455	49237306	-118.34052	34.0276	3
3	65.948	103.35	1	-3	0	456	49237327	-118.34052	34.03349	3
4	65.95	102.35	1	-4	0	457	49237214	-118.3405	34.02348	3
5	67.122	105.37	1	-5	0	495	49238223	-118.32878	34.0537	3
6	67.162	107.89	1	-6	0	497	49245387	-118.32838	34.07894	3
7	67.268	105.64	1	-7	0	499	49238237	-118.32732	34.05639	3
8	67.401	103.44	1	-8	0	504	49237932	-118.32599	34.03435	3
9	67.401	107.89	1	-9	0	505	49245398	-118.32599	34.07894	3
10	67.521	102.77	1	-10	0	506	49238012	-118.32479	34.02765	3
11	67.521	105.8	1	-11	0	507	49245205	-118.32479	34.058	3
12	67.523	102.29	1	-12	0	508	49237962	-118.32477	34.02293	3
13	67.634	103.8	1	-13	0	513	49238241	-118.32366	34.03799	3
14	67.634	104.18	1	-14	0	514	49238254	-118.32366	34.04178	3
15	67.711	106.36	1	-15	0	519	49245225	-118.32289	34.06362	3
16	67.87	104.54	1	-16	0	523	49238264	-118.3213	34.04543	3
17	68.036	107.9	1	-17	0	525	49245527	-118.31964	34.07895	3
18	68.05	107.32	1	-18	0	526	49245326	-118.3195	34.07317	3
19	68.122	108.43	1	-19	0	529	832564079	-118.31878	34.08431	3
20	68.125	108.17	1	-20	0	530	49245532	-118.31875	34.08167	3
21	68.147	106.71	1	-21	0	532	49245257	-118.31853	34.06714	3
22	68.158	107.3	1	-22	0	533	49245330	-118.31842	34.07303	3
23	68.197	110.83	1	-23	0	534	49248149	-118.31803	34.1083	3
24	68.203	109.58	1	-24	0	535	49245647	-118.31797	34.09579	3
25	68.239	105.59	1	-25	0	537	49238382	-118.31761	34.05586	3
26	68.428	108.71	1	-26	0	542	49245566	-118.31572	34.08713	3
27	68.453	105.81	1	-27	0	544	49245245	-118.31547	34.05806	3
28	68.627	110.72	1	-28	0	548	49256896	-118.31373	34.10722	3
29	68.668	103.49	1	-29	0	551	49250555	-118.31332	34.03489	3
30	68.684	109.28	1	-30	0	552	333724487	-118.31316	34.09277	3
31	68.716	106.35	1	-31	0	553	49255421	-118.31284	34.06352	3
32	68.78	105.8	1	-32	0	554	49255407	-118.3122	34.05804	3
33	68.782	105.44	1	-33	0	555	49250871	-118.31218	34.05444	3
34	68.784	105.08	1	-34	0	556	49250846	-118.31216	34.05081	3
35	68.838	107.11	1	-35	0	558	49255471	-118.31162	34.07112	3
36	68.84	106.72	1	-36	0	559	49255429	-118.3116	34.06715	3
37	68.862	107.46	1	-37	0	560	49255489	-118.31138	34.07461	3
38	68.865	107.83	1	-38	0	562	49255640	-118.31135	34.07828	3
39	68.878	108.03	1	-39	0	563	49255645	-118.31122	34.0803	3
40	68.881	105.8	1	-40	0	564	49255408	-118.31119	34.05803	3
41	68.964	109.49	1	-41	0	566	49255766	-118.31036	34.09489	3
42	68.973	107.3	1	-42	0	567	49255490	-118.31027	34.07304	3
43	68.985	105.44	1	-43	0	568	49250874	-118.31015	34.05443	3
44	68.988	105.08	1	-44	0	569	49250850	-118.31012	34.05082	3
45	68.994	103.08	1	-45	0	570	49250548	-118.31006	34.03085	3
46	69.216	103.09	1	-46	0	572	49250579	-118.30784	34.03087	3
47	69.221	105.45	1	-47	0	574	49250900	-118.30779	34.05446	3
48	69.231	109.19	1	-48	0	575	49255789	-118.30769	34.09193	3
49	69.257	105.08	1	-49	0	576	49250892	-118.30743	34.05083	3
50	69.3	109.5	1	-50	0	577	49255841	-118.307	34.09498	3
51	69.327	107.37	1	-51	0	579	49255512	-118.30673	34.07372	3
52	69.392	107.76	1	-52	0	581	49255687	-118.30608	34.07761	3
53	69.44	109.51	1	-53	0	583	49255843	-118.3056	34.09505	3
54	69.448	107.11	1	-54	0	584	49255503	-118.30552	34.07115	3
55	69.462	106.72	1	-55	0	585	49255458	-118.30538	34.06719	3
56	69.466	105.77	1	-56	0	586	49255442	-118.30534	34.0577	3
57	69.466	105.97	1	-57	0	587	49255445	-118.30534	34.0597	3
58	69.468	106.53	1	-58	0	588	49255457	-118.30532	34.06534	3
59	69.582	105.09	1	-59	0	601	49251100	-118.30418	34.05086	3
60	69.584	105.45	1	-60	0	602	49251114	-118.30416	34.05449	3
61	69.585	104.91	1	-61	0	603	49251096	-118.30415	34.04905	3
62	69.587	104.55	1	-62	0	604	49250965	-118.30413	34.04545	3
63	69.753	103.82	1	-63	0	607	49250925	-118.30247	34.03816	3
64	69.753	109.51	1	-64	0	608	49255988	-118.30247	34.09513	3
65	69.754	103.55	1	-65	0	609	49250684	-118.30246	34.03546	3
66	69.767	107.77	1	-66	0	610	49255851	-118.30233	34.07766	3
67	69.799	105.77	1	-67	0	611	49255527	-118.30201	34.0577	3
68	69.814	108.85	1	-68	0	612	49255974	-118.30186	34.08852	3
69	69.835	107.12	1	-69	0	613	49255577	-118.30165	34.07118	3
70	69.842	106.54	1	-70	0	614	49255546	-118.30158	34.06535	3
71	70.02	105.77	1	-71	0	618	49255529	-118.2998	34.05773	3
72	70.056	107.77	1	-72	0	619	49255901	-118.29944	34.07765	3
73	70.06	107.12	1	-73	0	620	49255600	-118.2994	34.07118	3
74	70.08	106.54	1	-74	0	621	49255564	-118.2992	34.06538	3
75	70.09	103.55	1	-75	0	622	49250719	-118.2991	34.03545	3
76	70.093	108.56	1	-76	0	623	49255947	-118.29907	34.08562	3
77	70.128	105.98	1	-77	0	624	49255552	-118.29872	34.05976	3
78	70.164	103.82	1	-78	0	625	49250992	-118.29836	34.03819	3
79	70.215	108.58	1	-79	0	627	49255948	-118.29785	34.08581	3
80	70.259	109.53	1	-80	0	630	49256015	-118.29741	34.09534	3
81	70.378	103.82	1	-81	0	631	49251023	-118.29622	34.03815	3
82	70.386	109.98	1	-82	0	632	840131568	-118.29614	34.09981	3
83	70.411	102.96	1	-83	0	642	49250709	-118.29589	34.02957	3
84	70.416	104.63	1	-84	0	648	94352052	-118.29584	34.04625	3
85	70.419	104.91	1	-85	0	649	49251154	-118.29581	34.0491	3
86	70.42	105.45	1	-86	0	650	49251173	-118.2958	34.05451	3
87	70.423	105.09	1	-87	0	651	49251157	-118.29577	34.05091	3
88	70.458	107.27	1	-88	0	652	49255625	-118.29542	34.07274	3
89	70.459	105.98	1	-89	0	653	49255560	-118.29541	34.05976	3
90	70.46	106.74	1	-90	0	654	49255608	-118.2954	34.06736	3
91	70.463	106.36	1	-91	0	655	49255568	-118.29537	34.06361	3
92	70.469	108.1	1	-92	0	656	49255925	-118.29531	34.08101	3
93	70.497	109.54	1	-93	0	657	49256020	-118.29503	34.09542	3
94	70.557	107.77	1	-94	0	659	49256388	-118.29443	34.0777	3
95	70.582	107.45	1	-95	0	660	49256088	-118.29418	34.07449	3
96	70.586	106.74	1	-96	0	661	49256076	-118.29414	34.06735	3
97	70.596	107.9	1	-97	0	663	49256389	-118.29404	34.07903	3
98	70.707	107.27	1	-98	0	665	49256089	-118.29293	34.07274	3
99	70.71	105.77	1	-99	0	666	49256022	-118.2929	34.05774	3
100	70.712	108.18	1	-100	0	667	49256402	-118.29288	34.08176	3
101	70.718	109.34	1	-101	0	668	49256507	-118.29282	34.09344	3
102	70.72	108.95	1	-102	0	669	49256495	-118.2928	34.08946	3
103	70.949	108.18	1	-103	0	672	49256428	-118.29051	34.08176	3
104	70.949	108.36	1	-104	0	673	49256437	-118.29051	34.08359	3
105	70.967	105.97	1	-105	0	674	49256032	-118.29033	34.05974	3
106	70.968	107.47	1	-106	0	675	49256105	-118.29032	34.07471	3
107	70.983	110.61	1	-107	0	677	49257934	-118.29017	34.10615	3
108	71.008	106.7	1	-108	0	679	49256047	-118.28992	34.06701	3
109	71.03	109.56	1	-109	0	680	312619529	-118.2897	34.09563	3
110	71.075	108.87	1	-110	0	682	49256516	-118.28925	34.0887	3
111	71.092	105.77	1	-111	0	683	49256049	-118.28908	34.05774	3
112	71.097	110.99	1	-112	0	684	49258110	-118.28903	34.10994	3
113	71.1	103.44	1	-113	0	685	49251300	-118.289	34.03438	3
114	71.149	110.18	1	-114	0	686	49257948	-118.28851	34.10178	3
115	71.157	106.37	1	-115	0	687	49256064	-118.28843	34.0637	3
116	71.193	112.13	1	-116	0	688	49258627	-118.28807	34.12128	3
117	71.198	108.18	1	-117	0	689	49256454	-118.28802	34.08179	3
118	71.208	107.49	1	-118	0	690	49256134	-118.28792	34.07492	3
119	71.216	109.57	1	-119	0	691	49256542	-118.28784	34.09568	3
120	71.218	111.29	1	-120	0	692	49258122	-118.28782	34.11289	3
121	71.224	105.5	1	-121	0	693	49251779	-118.28776	34.05501	3
122	71.226	105.08	1	-122	0	694	49251765	-118.28774	34.0508	3
123	71.236	103.82	1	-123	0	695	49251672	-118.28764	34.03817	3
124	71.311	105.78	1	-124	0	706	49256057	-118.28689	34.05775	3
125	71.348	103.52	1	-125	0	707	49251314	-118.28652	34.0352	3
126	71.352	103.36	1	-126	0	708	49251311	-118.28648	34.03357	3
127	71.354	103.03	1	-127	0	709	49251293	-118.28646	34.03031	3
128	71.372	110	1	-128	0	710	49257953	-118.28628	34.09999	3
129	71.429	106.77	1	-129	0	711	49256121	-118.28571	34.06771	3
130	71.433	106.37	1	-130	0	712	49256073	-118.28567	34.06371	3
131	71.437	107.05	1	-131	0	713	49256123	-118.28563	34.07045	3
132	71.474	110.69	1	-132	0	714	49257971	-118.28526	34.10686	3
133	71.474	111	1	-133	0	715	49258130	-118.28526	34.10995	3
134	71.474	111.11	1	-134	0	716	49258135	-118.28526	34.11114	3
135	71.477	110.45	1	-135	0	717	49257968	-118.28523	34.10453	3
136	71.479	110.18	1	-136	0	718	49257956	-118.28521	34.1018	3
137	71.484	109.82	1	-137	0	719	49257954	-118.28516	34.09816	3
138	71.542	109.35	1	-138	0	723	49256548	-118.28458	34.09348	3
139	71.549	108.87	1	-139	0	724	49256525	-118.28451	34.08872	3
140	71.556	108.07	1	-140	0	725	49256567	-118.28444	34.08069	3
141	71.601	106.49	1	-141	0	727	49256194	-118.28399	34.06493	3
142	71.709	104.13	1	-142	0	734	49251817	-118.28291	34.04128	3
143	71.779	102.83	1	-143	0	736	49251484	-118.28221	34.02825	3
144	71.786	104.04	1	-144	0	737	49251816	-118.28214	34.04035	3
145	71.789	103.34	1	-145	0	738	49251504	-118.28211	34.03341	3
146	71.876	108.72	1	-146	0	740	49256616	-118.28124	34.08716	3
147	71.877	107.33	1	-147	0	741	49256297	-118.28123	34.07335	3
148	71.881	106.93	1	-148	0	742	49256255	-118.28119	34.06934	3
149	71.885	103.5	1	-149	0	743	49251526	-118.28115	34.03497	3
150	71.948	105.81	1	-150	0	745	49256176	-118.28052	34.05812	3
151	71.99	107.88	1	-151	0	746	49256584	-118.2801	34.07878	3
152	72.046	106.17	1	-152	0	749	49256182	-118.27954	34.06165	3
153	72.06	107.62	1	-153	0	750	49256317	-118.2794	34.07618	3
154	72.115	103.84	1	-154	0	752	49251886	-118.27885	34.03844	3
155	72.127	110.77	1	-155	0	753	49258347	-118.27873	34.10768	3
156	72.147	106.12	1	-156	0	754	49256206	-118.27853	34.0612	3
157	72.169	106.88	1	-157	0	757	49256320	-118.27831	34.06884	3
158	72.217	107.78	1	-158	0	758	49256630	-118.27783	34.07781	3
159	72.324	103.36	1	-159	0	762	49251579	-118.27676	34.0336	3
160	72.326	107.13	1	-160	0	763	49256328	-118.27674	34.07133	3
161	72.389	110	1	-161	0	766	49261820	-118.27611	34.10003	3
162	72.392	106.01	1	-162	0	767	49256213	-118.27608	34.06008	3
163	72.42	107.69	1	-163	0	768	49256378	-118.2758	34.07689	3
164	72.446	110.44	1	-164	0	770	49258375	-118.27554	34.10435	3
165	72.496	104.17	1	-165	0	771	49251994	-118.27504	34.04171	3
166	72.498	108.31	1	-166	0	772	49256692	-118.27502	34.08311	3
167	72.503	109.54	1	-167	0	773	49256824	-118.27497	34.09535	3
168	72.505	108.05	1	-168	0	774	49256652	-118.27495	34.08046	3
169	72.57	109.2	1	-169	0	776	49256790	-118.2743	34.09202	3
170	72.624	107.6	1	-170	0	778	49258957	-118.27376	34.07597	3
171	72.646	104.41	1	-171	0	779	49253769	-118.27354	34.04412	3
172	72.667	104.69	1	-172	0	780	49253881	-118.27333	34.04691	3
173	72.739	104.57	1	-173	0	782	49253795	-118.27261	34.04567	3
174	72.744	106.08	1	-174	0	783	49258829	-118.27256	34.06076	3
175	72.901	108.71	1	-175	0	789	49259405	-118.27099	34.08709	3
176	72.913	110.16	1	-176	0	790	49261854	-118.27087	34.10159	3
177	72.93	107.46	1	-177	0	792	49258971	-118.2707	34.0746	3
178	72.952	103.56	3	0	0	793	49253255	-118.27048	34.0356	3
179	73.073	107.4	1	-179	0	803	49258976	-118.26927	34.074	3
180	73.195	104.42	1	-180	0	810	49253855	-118.26805	34.04421	3
181	73.196	105.97	1	-181	0	811	49258878	-118.26804	34.05965	3
182	73.259	107.71	1	-182	0	815	49259035	-118.26741	34.07711	3
183	73.272	103.71	1	-183	0	816	49253826	-118.26728	34.03706	3
184	73.291	109.23	1	-184	0	817	49259647	-118.26709	34.0923	3
185	73.333	107.68	1	-185	0	819	49259036	-118.26667	34.0768	3
186	73.34	103.81	1	-186	0	820	811076460	-118.2666	34.03814	3
187	73.364	107.96	1	-187	0	821	49259436	-118.26636	34.07955	3
188	73.392	104.09	2	-188	0	822	809785473	-118.26608	34.0409	3
189	73.458	106.18	1	-189	0	824	49258895	-118.26542	34.06184	3
190	73.517	103.59	1	-190	0	828	49253371	-118.26483	34.03589	3
191	73.523	107.07	1	-191	0	829	49259007	-118.26477	34.07065	3
192	73.563	104.08	1	-192	0	830	49253846	-118.26437	34.04082	3
193	73.585	106.73	1	-193	0	831	49258999	-118.26415	34.06732	3
194	73.599	107.3	1	-194	0	832	49259247	-118.26401	34.07298	3
195	73.623	104.76	1	-195	0	833	49254110	-118.26377	34.04759	3
196	73.636	107.95	1	-196	0	834	49259758	-118.26364	34.0795	3
197	73.639	103.74	3	0	0	835	49254030	-118.26361	34.03738	3
198	73.698	103.49	1	-198	0	836	49253503	-118.26302	34.03485	3
199	73.698	106.44	1	-199	0	837	49259094	-118.26302	34.06437	3
200	73.701	107.59	1	-200	0	838	49259255	-118.26299	34.07589	3
201	73.782	102.86	1	-201	0	839	49253446	-118.26218	34.02862	3
202	73.824	106.62	1	-202	0	841	49259119	-118.26176	34.06623	3
203	73.826	110.13	1	-203	0	842	49262182	-118.26174	34.10127	3
204	73.849	107.86	1	-204	0	843	49259762	-118.26151	34.07858	3
205	73.857	104.99	1	-205	0	844	49254131	-118.26143	34.04985	3
206	73.921	108.95	1	-206	0	851	49259908	-118.26079	34.08954	3
207	73.964	105.67	1	-207	0	852	49254208	-118.26036	34.05668	3
208	74.06	105.82	1	-208	0	853	49259070	-118.2594	34.05823	3
209	74.064	103.58	1	-209	0	854	49253528	-118.25936	34.03575	3
210	74.135	107.89	1	-210	0	856	49259821	-118.25865	34.07892	3
211	74.166	103.69	1	-211	0	858	49254068	-118.25834	34.03693	3
212	74.182	110.38	1	-212	0	859	49262297	-118.25818	34.10378	3
213	74.196	103.36	1	-213	0	861	49253576	-118.25804	34.03355	3
214	74.196	110.08	1	-214	0	862	49262262	-118.25804	34.10084	3
215	74.24	105.72	1	-215	0	865	49259128	-118.2576	34.05718	3
216	74.25	106.33	1	-216	0	866	49259169	-118.2575	34.06332	3
217	74.28	105.11	1	-217	0	867	813599301	-118.2572	34.05115	3
218	74.281	108.8	1	-218	0	868	49259963	-118.25719	34.08801	3
219	74.304	106.42	1	-219	0	869	49259172	-118.25696	34.06419	3
220	74.358	104.38	1	-220	0	871	811058748	-118.25642	34.0438	3
221	74.505	108.06	1	-221	0	872	49259847	-118.25495	34.08062	3
222	74.515	112.98	1	-222	0	873	49262811	-118.25485	34.12983	3
223	74.53	104.03	1	-223	0	874	811058802	-118.2547	34.0403	3
224	74.563	103.44	1	-224	0	875	49253591	-118.25437	34.03437	3
225	74.565	105.15	1	-225	0	878	49254230	-118.25435	34.05152	3
226	74.571	104.24	2	-226	0	879	838616704	-118.25429	34.04242	3
227	74.604	106.77	1	-227	0	882	49259294	-118.25396	34.06766	3
228	74.612	104.65	1	-228	0	883	811043206	-118.25388	34.04653	3
229	74.653	104.88	3	0	0	884	811044192	-118.25347	34.04881	3
230	74.72	104.4	3	0	0	885	811042755	-118.2528	34.04401	3
231	74.727	112.87	1	-231	0	886	49263612	-118.25273	34.12867	3
232	74.875	102.86	1	-232	0	892	49254502	-118.25125	34.02855	3
233	74.889	107.71	1	-233	0	893	49260498	-118.25111	34.0771	3
234	74.894	105.14	1	-234	0	894	811046454	-118.25106	34.05137	3
235	74.896	103.05	1	-235	0	895	49254519	-118.25104	34.03048	3
236	74.933	105.36	1	-236	0	896	811046632	-118.25067	34.05357	3
237	74.979	104.68	2	-237	0	899	811043945	-118.25021	34.04681	3
238	75.04	108.22	1	-238	0	900	49261155	-118.2496	34.08223	3
239	75.067	103.29	1	-239	0	902	49254531	-118.24933	34.03291	3
240	75.145	102.24	1	-240	0	903	49254425	-118.24855	34.02236	3
241	75.174	104.53	1	-241	0	904	811043921	-118.24826	34.0453	3
242	75.202	102.9	1	-242	0	905	49254542	-118.24798	34.02899	3
243	75.225	103.12	1	-243	0	906	49254544	-118.24775	34.0312	3
244	75.323	103.65	1	-244	0	909	49254557	-118.24677	34.03651	3
245	75.345	106.49	1	-245	0	910	49260389	-118.24655	34.06491	3
246	75.36	103.84	1	-246	0	911	49254922	-118.2464	34.03838	3
247	75.375	109.99	1	-247	0	912	49263102	-118.24625	34.09994	3
248	75.404	105.5	1	-248	0	915	839126244	-118.24596	34.05503	3
249	75.611	105.98	3	0	0	916	295040327	-118.24493	34.06004	3
250	75.611	106	3	0	0	917	839279461	-118.24493	34.06004	3
251	75.508	102.75	1	-251	0	918	49254546	-118.24492	34.02747	3
252	75.51	102.99	1	-252	0	919	49254549	-118.2449	34.02991	3
253	75.53	107.26	1	-253	0	920	809770158	-118.2447	34.07255	3
254	75.595	106.37	1	-254	0	921	49260403	-118.24405	34.06369	3
255	75.648	102.58	1	-255	0	922	49254477	-118.24352	34.02577	3
256	75.663	105.03	1	-256	0	924	49255187	-118.24337	34.05026	3
257	75.663	106.26	1	-257	0	925	49260649	-118.24337	34.0626	3
258	75.698	105.07	1	-258	0	927	838203000	-118.24302	34.05071	3
259	75.598	107.8	1	-259	0	928	811058828	-118.24299	34.07842	3
260	75.732	102.94	1	-260	0	929	49254779	-118.24268	34.0294	3
261	75.757	102.33	1	-261	0	930	49254612	-118.24243	34.02331	3
262	75.865	106.76	1	-262	0	931	49260812	-118.24135	34.06764	3
263	75.917	106.32	1	-263	0	934	49260686	-118.24083	34.06319	3
264	75.922	104.86	1	-264	0	936	49255196	-118.24078	34.04865	3
265	75.943	101.82	1	-265	0	937	49254596	-118.24057	34.01821	3
266	75.953	109.44	1	-266	0	938	49261754	-118.24047	34.09444	3
267	75.956	111.86	1	-267	0	939	49264003	-118.24044	34.11862	3
268	75.96	111.53	3	0	0	940	49263437	-118.2404	34.11533	3
269	75.966	111.52	2	-269	0	941	49263435	-118.24034	34.11518	3
270	75.969	103.3	1	-270	0	942	49254809	-118.24031	34.03297	3
271	75.979	102.67	1	-271	0	943	49254679	-118.24021	34.02574	3
272	76.099	105.08	1	-272	0	945	706091027	-118.23901	34.05082	3
273	76.205	105.65	1	-273	0	946	811043976	-118.23795	34.05648	3
274	76.24	107.09	1	-274	0	947	49260960	-118.2373	34.07039	3
275	76.294	102.57	1	-275	0	948	49254724	-118.23706	34.02494	3
276	76.342	107.02	1	-276	0	949	295028880	-118.23658	34.07041	3
277	76.37	107.91	1	-277	0	951	49261623	-118.2363	34.07906	3
278	76.399	105.88	1	-278	0	952	49260724	-118.23601	34.05876	3
279	76.4	104.53	1	-279	0	953	49255159	-118.236	34.04532	3
280	76.46	106.43	1	-280	0	954	806596333	-118.2354	34.06432	3
281	76.519	107.07	1	-281	0	955	49260994	-118.23481	34.07065	3
282	76.583	106.06	1	-282	0	956	49260735	-118.23417	34.0606	3
283	76.607	104.72	1	-283	0	957	49255282	-118.23393	34.04716	3
284	76.653	107.13	1	-284	0	959	311850446	-118.23347	34.07129	3
285	76.654	106.61	1	-285	0	960	49260804	-118.23346	34.0661	3
286	76.657	108.39	1	-286	0	961	49261687	-118.23343	34.08394	3
287	76.675	102.96	1	-287	0	962	49284135	-118.23325	34.02957	3
288	76.701	107.57	3	0	0	963	49290609	-118.23299	34.07569	3
289	76.718	103.92	1	-289	0	965	49284767	-118.23282	34.03921	3
290	76.747	103.66	1	-290	0	966	49284762	-118.23253	34.03659	3
291	76.767	105.42	2	-291	0	967	49284971	-118.23233	34.05422	3
292	76.777	105.51	3	0	0	968	49284973	-118.23223	34.05508	3
293	76.869	106.35	1	-293	0	969	49290492	-118.23131	34.06349	3
294	76.876	107.36	1	-294	0	970	49290602	-118.23124	34.07364	3
295	76.892	104.99	1	-295	0	971	49284895	-118.23108	34.0499	3
296	76.969	103.64	1	-296	0	976	49284191	-118.23031	34.03637	3
297	77.02	105.25	1	-297	0	980	49284983	-118.2298	34.05246	3
298	77.031	108.82	1	-298	0	981	49291356	-118.22969	34.08824	3
299	77.206	104.57	1	-299	0	982	49284859	-118.22794	34.04573	3
300	77.245	102.96	1	-300	0	983	49284205	-118.22755	34.02957	3
301	77.316	102.66	1	-301	0	985	49284197	-118.22684	34.0266	3
302	77.418	104.31	1	-302	0	987	49284855	-118.22582	34.04309	3
303	77.433	107.92	1	-303	0	988	297788383	-118.22567	34.07921	3
304	77.502	104.11	1	-304	0	989	49284844	-118.22498	34.04112	3
305	77.563	107.47	1	-305	0	990	49290747	-118.22437	34.07474	3
306	77.584	107.09	1	-306	0	991	49290708	-118.22416	34.07088	3
307	77.843	102.9	1	-307	0	998	49284426	-118.22157	34.02902	3
308	77.864	107.69	1	-308	0	999	49290916	-118.22136	34.07689	3
309	77.879	106.97	1	-309	0	1000	49290883	-118.22121	34.06969	3
310	77.907	111.06	1	-310	0	1001	49294124	-118.22093	34.11058	3
311	77.963	104.94	1	-311	0	1002	49285469	-118.22037	34.04942	3
312	77.982	105.14	1	-312	0	1003	49285472	-118.22018	34.05143	3
313	78.19	104.8	1	-313	0	1005	49285467	-118.2181	34.048	3
314	78.202	107.18	3	0	0	1006	49290911	-118.21798	34.07182	3
315	78.236	102.73	1	-315	0	1007	49284627	-118.21764	34.0273	3
316	78.389	103.46	1	-316	0	1008	838371129	-118.21611	34.03455	3
317	78.403	103.39	1	-317	0	1009	311863004	-118.21597	34.03392	3
318	78.408	101.88	1	-318	0	1010	49284374	-118.21592	34.01877	3
319	78.442	103.17	1	-319	0	1011	49284745	-118.21558	34.03166	3
320	78.48	108.62	3	0	0	1012	819992651	-118.2152	34.08617	3
321	78.722	108.64	2	-321	0	1016	49291625	-118.21278	34.08643	3
322	78.745	104.44	1	-322	0	1019	49286306	-118.21255	34.0444	3
323	78.817	107.65	1	-323	0	1020	49292077	-118.21183	34.07654	3
324	78.874	102.45	1	-324	0	1022	49285796	-118.21126	34.02449	3
325	79.014	109.29	1	-325	0	1025	49292604	-118.20986	34.09287	3
326	79.09	107.37	1	-326	0	1027	49292080	-118.2091	34.07374	3
327	79.126	106.61	1	-327	0	1029	49291988	-118.20874	34.06605	3
328	79.128	106.11	1	-328	0	1030	49291954	-118.20872	34.06111	3
329	79.18	106.5	1	-329	0	1032	49291986	-118.2082	34.065	3
330	79.298	102.26	1	-330	0	1033	49285854	-118.20702	34.02257	3
331	79.368	103.23	1	-331	0	1034	49286018	-118.20632	34.03232	3
332	79.392	105.6	1	-332	0	1035	49286504	-118.20608	34.05604	3
333	79.467	103.77	1	-333	0	1037	49286326	-118.20533	34.03774	3
334	79.486	102.8	1	-334	0	1038	49285978	-118.20514	34.02698	3
335	79.51	102.7	1	-335	0	1039	49285876	-118.2049	34.02557	3
336	79.534	105.46	2	-336	0	1040	258219395	-118.20466	34.05457	3
337	79.551	105.45	3	0	0	1041	298927179	-118.20449	34.05449	3
338	79.758	102.05	1	-338	0	1046	49286040	-118.20242	34.02052	3
339	79.839	104.41	1	-339	0	1048	49286582	-118.20161	34.04409	3
340	79.913	102.94	3	0	0	1051	49286152	-118.20087	34.02935	3
341	79.916	102.92	2	-341	0	1052	19707060	-118.20084	34.02915	3
342	79.928	102.82	1	-342	0	1053	838614251	-118.20072	34.02819	3
343	80.084	105.52	2	-343	0	1056	19706978	-118.19916	34.05518	3
344	80.334	105.56	3	0	0	1058	49286825	-118.19666	34.05564	3
345	80.687	102.43	1	-345	0	1061	49286134	-118.19313	34.02434	3
346	81.072	102.39	1	-346	0	1066	49288151	-118.18928	34.02392	3
347	81.076	101.7	1	-347	0	1067	800281092	-118.18924	34.01697	3
348	81.993	101.66	1	-348	0	1074	49288339	-118.18007	34.01657	3
349	81.993	102.22	1	-349	0	1075	49288389	-118.18007	34.02223	3
350	82.413	101.89	1	-350	0	1082	49288419	-118.17587	34.01892	3
351	82.661	102.14	3	0	0	1083	289849066	-118.17339	34.02138	3
352	82.684	102.13	2	-352	0	1084	289853440	-118.17316	34.02133	3
353	83.664	101.22	2	-353	0	1089	49287845	-118.16336	34.01222	3
354	83.715	101.22	3	0	0	1091	295017068	-118.16285	34.0122	3
355	83.948	101.14	1	-355	0	1093	49288036	-118.16052	34.01135	3
356	84.022	100.83	1	-356	0	1094	49287962	-118.15978	34.0083	3
357	84.023	100.03	1	-357	0	1095	49287878	-118.15977	34.00032	3
358	64.513	102.55	1	-358	0	2334	49236885	-118.35487	34.02552	3
359	64.907	103.25	1	-359	0	2381	49237049	-118.35093	34.03251	3
360	65.723	103.47	1	-360	0	2477	49237285	-118.34277	34.03474	3
361	65.725	103.46	1	-361	0	2479	49237284	-118.34275	34.03455	3
362	66.016	103.98	1	-362	0	2505	49237622	-118.33984	34.03983	3
363	66.067	104.85	1	-363	0	2509	49237703	-118.33933	34.04847	3
364	66.136	107.62	1	-364	0	2517	49244741	-118.33864	34.07619	3
365	66.364	104.71	1	-365	0	2546	312622773	-118.33636	34.04706	3
366	66.49	102.14	1	-366	0	2565	49237778	-118.3351	34.02143	3
367	66.522	106.89	1	-367	0	2569	49245135	-118.33478	34.06892	3
368	66.627	105.69	1	-368	0	2582	49238191	-118.33373	34.0569	3
369	66.839	106.2	1	-369	0	2591	49245033	-118.33161	34.06196	3
370	66.904	108.35	1	-370	0	2599	49245375	-118.33096	34.08346	3
371	67.339	109.07	1	-371	0	2652	49245470	-118.32661	34.09074	3
372	67.761	110.17	1	-372	0	2685	49247820	-118.32239	34.10165	3
373	67.769	109.8	1	-373	0	2690	49247810	-118.32231	34.09801	3
374	67.772	109.08	1	-374	0	2691	49245581	-118.32228	34.09075	3
375	67.812	110.42	1	-375	0	2694	49247842	-118.32188	34.10423	3
376	67.874	110.52	1	-376	0	2701	49247869	-118.32126	34.10524	3
377	68.008	110.42	1	-377	0	2706	49247926	-118.31992	34.10415	3
378	68.234	102.55	1	-378	0	2744	49238008	-118.31766	34.02553	3
379	69.111	102.56	1	-379	0	2858	49250532	-118.30889	34.02555	3
380	69.977	102.55	1	-380	0	2944	49250637	-118.30023	34.02551	3
381	70.848	102.55	1	-381	0	3061	49251209	-118.29152	34.02551	3
382	71.603	102.74	1	-382	0	3140	49251479	-118.28397	34.02741	3
383	71.796	113.54	1	-383	0	3173	49258779	-118.28204	34.13537	3
384	72.216	102.2	1	-384	0	3327	49251398	-118.27784	34.02196	3
385	72.22	114.09	1	-385	0	3329	49275029	-118.2778	34.14089	3
386	72.343	113.84	1	-386	0	3347	49258821	-118.27657	34.13841	3
387	72.361	102.38	1	-387	0	3350	49251446	-118.27639	34.02379	3
388	72.398	102.82	1	-388	0	3355	49251537	-118.27602	34.02816	3
389	72.508	102.76	1	-389	0	3367	49251550	-118.27492	34.02764	3
390	72.7	103.02	1	-390	0	3425	49253218	-118.273	34.03015	3
391	73.037	103.06	1	-391	0	3495	49253231	-118.26963	34.03058	3
392	73.135	102.49	1	-392	0	3512	49253203	-118.26865	34.02485	3
393	73.752	113.35	1	-393	0	3605	49262776	-118.26248	34.13348	3
394	74.026	102.41	1	-394	0	3650	49253409	-118.25974	34.02406	3
395	74.252	101.99	1	-395	0	3686	49253417	-118.25748	34.01988	3
396	74.686	102.16	1	-396	0	3779	49254379	-118.25314	34.02162	3
397	75.34	101.61	1	-397	0	3908	49254409	-118.2466	34.01608	3
398	75.709	101.52	1	-398	0	3962	49253119	-118.24291	34.01518	3
399	76.036	101.47	1	-399	0	4014	49253128	-118.23964	34.01474	3
400	76.971	100.9	1	-400	0	4143	49283432	-118.23029	34.00895	3
401	78.009	101.44	1	-401	0	4262	49283532	-118.21991	34.01441	3
402	79.501	100.86	1	-402	0	4406	49283864	-118.20499	34.00863	3
403	82.47	100.02	1	-403	0	4504	49287317	-118.1753	34.00016	3
404	82.528	100.07	1	-404	0	4506	49287357	-118.17472	34.00073	3
405	82.567	99.889	1	-405	0	4507	838164228	-118.17433	33.99889	3
1	68.659	93.823	1	-1	0	549	49187829	-118.31341	33.93823	4
2	68.809	102.19	1	-2	0	557	49250497	-118.31191	34.02188	4
3	68.865	100.01	1	-3	0	561	49249456	-118.31135	34.00005	4
4	68.896	101.46	1	-4	0	565	49249516	-118.31104	34.0146	4
5	69.094	92.307	1	-5	0	571	49186386	-118.30906	33.92307	4
6	69.218	101.46	1	-6	0	573	49249542	-118.30782	34.01463	4
7	69.325	100.01	1	-7	0	578	49249481	-118.30675	34.00006	4
8	69.527	102.37	1	-8	0	589	49250627	-118.30473	34.02373	4
9	69.528	102.19	1	-9	0	590	49250624	-118.30472	34.02189	4
10	69.531	93.821	1	-10	0	591	49188000	-118.30469	33.93821	4
11	69.539	98.14	1	-11	0	592	49249339	-118.30461	33.9814	4
12	69.539	98.324	1	-12	0	593	49249344	-118.30461	33.98324	4
13	69.543	99.238	1	-13	0	594	49249411	-118.30457	33.99238	4
14	69.543	99.414	1	-14	0	595	49249413	-118.30457	33.99414	4
15	69.543	100.28	1	-15	0	596	49249571	-118.30457	34.00278	4
16	69.544	100.61	1	-16	0	597	49249619	-118.30456	34.00606	4
17	69.545	101.21	1	-17	0	598	49249638	-118.30455	34.01209	4
18	69.546	100.85	1	-18	0	599	49249622	-118.30454	34.00846	4
19	69.708	102.19	1	-19	0	605	49250626	-118.30292	34.02189	4
20	69.751	95.585	1	-20	0	606	49188233	-118.30249	33.95585	4
21	69.871	99.687	1	-21	0	616	49249559	-118.30129	33.99687	4
22	69.96	91.832	1	-22	0	617	49186504	-118.3004	33.91832	4
23	70.194	99.686	1	-23	0	626	49249587	-118.29806	33.99686	4
24	70.228	102	1	-24	0	628	49250641	-118.29772	34.01998	4
25	70.228	102.19	1	-25	0	629	49250648	-118.29772	34.02187	4
26	70.407	102.19	1	-26	0	633	49250656	-118.29593	34.02194	4
27	70.408	95.594	1	-27	0	634	49188277	-118.29592	33.95594	4
28	70.408	95.686	1	-28	0	635	49188278	-118.29592	33.95686	4
29	70.409	96.363	1	-29	0	636	49188297	-118.29591	33.96363	4
30	70.41	100.55	1	-30	0	637	49249617	-118.2959	34.00548	4
31	70.411	98.141	1	-31	0	638	49249381	-118.29589	33.98141	4
32	70.411	100.99	1	-32	0	639	49249663	-118.29589	34.00992	4
33	70.411	101.21	1	-33	0	640	49249667	-118.29589	34.01211	4
34	70.411	102.72	1	-34	0	641	49250701	-118.29589	34.02716	4
35	70.412	99.229	1	-35	0	643	49249442	-118.29588	33.99229	4
36	70.412	99.412	1	-36	0	644	49249444	-118.29588	33.99412	4
37	70.415	98.586	1	-37	0	645	49249430	-118.29585	33.98586	4
38	70.415	98.833	1	-38	0	646	49249433	-118.29585	33.98833	4
39	70.415	98.967	1	-39	0	647	49249436	-118.29585	33.98967	4
40	70.589	93.815	1	-40	0	662	49188370	-118.29411	33.93815	4
41	70.623	99.958	1	-41	0	664	49250069	-118.29377	33.99958	4
42	70.75	101.55	1	-42	0	670	49250149	-118.2925	34.0155	4
43	70.845	92.506	1	-43	0	671	49187170	-118.29155	33.92506	4
44	70.989	101.54	1	-44	0	678	49250159	-118.29011	34.01543	4
45	71.269	102.11	1	-45	0	697	49251219	-118.28731	34.02105	4
46	71.275	101.22	1	-46	0	698	809700847	-118.28725	34.01221	4
47	71.276	101.01	1	-47	0	699	49250170	-118.28724	34.0101	4
48	71.285	99.417	1	-48	0	700	49249818	-118.28715	33.99417	4
49	71.285	99.962	1	-49	0	701	49250111	-118.28715	33.99962	4
50	71.286	99.233	1	-50	0	702	49249816	-118.28714	33.99233	4
51	71.288	97.268	1	-51	0	703	49188885	-118.28712	33.97268	4
52	71.289	97.638	1	-52	0	704	49249733	-118.28711	33.97638	4
53	71.302	95.281	1	-53	0	705	49188518	-118.28698	33.95281	4
54	71.504	102.74	1	-54	0	720	49251292	-118.28496	34.02744	4
55	71.538	101.65	1	-55	0	722	49251220	-118.28462	34.0165	4
56	71.684	102.14	1	-56	0	728	49251363	-118.28316	34.02138	4
57	71.692	91.99	3	0	0	729	49187305	-118.28308	33.9199	4
58	71.693	92.005	3	0	0	730	295011727	-118.28307	33.92005	4
59	71.693	92.026	2	-59	0	731	295011927	-118.28307	33.92026	4
60	71.693	92.036	2	-60	0	732	49187310	-118.28307	33.92036	4
61	71.693	101.4	1	-61	0	733	295039547	-118.28307	34.014	4
62	71.739	92.433	1	-62	0	735	838201574	-118.28261	33.92433	4
63	71.865	101.84	2	-63	0	739	839277199	-118.28135	34.01839	4
64	71.896	95.277	1	-64	0	744	49188697	-118.28104	33.95277	4
65	72.006	101.18	1	-65	0	748	49250414	-118.27994	34.01179	4
66	72.09	101.31	1	-66	0	751	49250453	-118.2791	34.01309	4
67	72.152	101.66	2	-67	0	755	49251387	-118.27848	34.01657	4
68	72.163	101.19	1	-68	0	756	49250452	-118.27837	34.01191	4
69	72.27	102.36	2	-69	0	760	49251427	-118.2773	34.02361	4
70	72.291	101.87	1	-70	0	761	49251399	-118.27709	34.01868	4
71	72.348	93.391	1	-71	0	764	838202538	-118.27652	33.93391	4
72	72.379	93.478	1	-72	0	765	49188617	-118.27621	33.93478	4
73	72.438	102.4	1	-73	0	769	49251456	-118.27562	34.024	4
74	72.538	101.79	1	-74	0	775	49251411	-118.27462	34.01786	4
75	72.609	92.372	1	-75	0	777	298955521	-118.27391	33.92372	4
76	72.714	102.28	1	-76	0	781	49253169	-118.27286	34.02276	4
77	72.746	103.1	3	0	0	784	49253220	-118.27254	34.031	4
78	72.819	99.926	1	-78	0	785	49252280	-118.27181	33.99926	4
79	72.83	95.285	1	-79	0	786	49190644	-118.2717	33.95285	4
80	72.926	103.11	2	-80	0	791	49253229	-118.27074	34.03108	4
81	73.007	101.64	1	-81	0	794	49253159	-118.26993	34.01641	4
82	73.035	100.47	1	-82	0	795	49252318	-118.26965	34.00474	4
83	73.037	100.29	1	-83	0	796	49252312	-118.26963	34.00293	4
84	73.042	98.061	1	-84	0	797	49252106	-118.26958	33.98061	4
85	73.042	98.425	1	-85	0	798	49252110	-118.26958	33.98425	4
86	73.046	93.48	1	-86	0	799	49190553	-118.26954	33.9348	4
87	73.047	95.019	1	-87	0	800	49190646	-118.26953	33.95019	4
88	73.047	96.282	1	-88	0	801	49190883	-118.26953	33.96282	4
89	73.049	95.805	1	-89	0	802	49190861	-118.26951	33.95805	4
90	73.115	101.81	1	-90	0	804	49253187	-118.26885	34.01808	4
91	73.186	102.99	1	-91	0	809	49253307	-118.26814	34.02988	4
92	73.256	102.03	1	-92	0	813	49253192	-118.26744	34.02034	4
93	73.257	99.655	1	-93	0	814	49252320	-118.26743	33.99655	4
94	73.311	100.82	1	-94	0	818	49252389	-118.26689	34.00816	4
95	73.402	102.26	1	-95	0	823	49253206	-118.26598	34.02259	4
96	73.474	101.28	1	-96	0	825	49252407	-118.26526	34.01281	4
97	73.476	92.371	1	-97	0	826	49189465	-118.26524	33.92371	4
98	73.511	102.43	1	-98	0	827	49253208	-118.26489	34.02432	4
99	73.816	102.5	1	-99	0	840	49253401	-118.26184	34.02496	4
100	73.865	100.82	1	-100	0	845	49252471	-118.26135	34.00823	4
101	73.902	101.01	1	-101	0	846	49252475	-118.26098	34.0101	4
102	73.911	100.48	1	-102	0	847	49252433	-118.26089	34.0048	4
103	73.912	100.26	1	-103	0	848	49252427	-118.26088	34.00255	4
104	73.913	99.659	1	-104	0	849	49252417	-118.26087	33.99659	4
105	73.916	95.023	1	-105	0	850	49190784	-118.26084	33.95023	4
106	74.101	100.75	1	-106	0	855	49252472	-118.25899	34.00751	4
107	74.137	95.471	1	-107	0	857	49191015	-118.25863	33.95471	4
108	74.195	101.66	1	-108	0	860	49253411	-118.25805	34.01655	4
109	74.219	102.32	1	-109	0	864	49253429	-118.25781	34.02323	4
110	74.347	94.327	1	-110	0	870	49190750	-118.25653	33.94327	4
111	74.564	100.75	1	-111	0	876	49252513	-118.25436	34.00754	4
112	74.565	92.415	1	-112	0	877	838199945	-118.25435	33.92415	4
113	74.576	101.5	1	-113	0	880	49252540	-118.25424	34.015	4
114	74.593	95.471	1	-114	0	881	49191030	-118.25407	33.95471	4
115	74.784	100.3	1	-115	0	887	49252914	-118.25216	34.00298	4
116	74.787	98.703	1	-116	0	888	49252613	-118.25213	33.98703	4
117	74.787	99.8	1	-117	0	889	49252894	-118.25213	33.998	4
118	74.795	96.562	1	-118	0	890	49191555	-118.25205	33.96562	4
119	74.798	96.891	1	-119	0	891	49191559	-118.25202	33.96891	4
120	74.948	102.02	1	-120	0	897	49254376	-118.25052	34.02021	4
121	74.974	99.573	1	-121	0	898	49252902	-118.25026	33.99573	4
122	75.054	101.74	1	-122	0	901	49254374	-118.24946	34.0174	4
123	75.233	101.41	1	-123	0	907	49253022	-118.24767	34.01413	4
124	75.266	95.821	1	-124	0	908	49191518	-118.24734	33.95821	4
125	75.376	94.144	1	-125	0	913	49191209	-118.24624	33.94144	4
126	75.377	94.566	1	-126	0	914	297481454	-118.24623	33.94566	4
127	75.66	99.57	1	-127	0	923	49252936	-118.2434	33.9957	4
128	75.684	99.938	1	-128	0	926	49253044	-118.24316	33.99938	4
129	75.878	98.291	1	-129	0	932	49252722	-118.24122	33.98291	4
130	75.88	98.119	1	-130	0	933	49252717	-118.2412	33.98119	4
131	75.922	95.328	1	-131	0	935	49191432	-118.24078	33.95328	4
132	76.098	91.984	1	-132	0	944	49190403	-118.23902	33.91984	4
133	76.368	95.327	1	-133	0	950	49191454	-118.23632	33.95327	4
134	76.645	93.047	1	-134	0	958	49190543	-118.23355	33.93047	4
135	76.709	100.9	1	-135	0	964	49283429	-118.23291	34.00897	4
136	76.898	101.48	1	-136	0	972	49283440	-118.23102	34.0148	4
137	76.967	98.817	1	-137	0	973	49283225	-118.23033	33.98817	4
138	76.967	99.015	1	-138	0	974	49283228	-118.23033	33.99015	4
139	76.968	98.354	1	-139	0	975	49283186	-118.23032	33.98354	4
140	76.97	97.951	1	-140	0	977	49283178	-118.2303	33.97951	4
141	76.974	96.97	1	-141	0	978	49213361	-118.23026	33.9697	4
142	76.974	100.05	1	-142	0	979	49283380	-118.23026	34.00052	4
143	77.3	99.63	1	-143	0	984	49283392	-118.227	33.9963	4
144	77.343	98.353	1	-144	0	986	49283199	-118.22657	33.98353	4
145	77.615	91.799	1	-145	0	992	49211829	-118.22385	33.91799	4
146	77.615	98.353	1	-146	0	993	49283204	-118.22385	33.98353	4
147	77.726	100.54	1	-147	0	994	49283492	-118.22274	34.0054	4
148	77.755	96.887	1	-148	0	995	49213464	-118.22245	33.96887	4
149	77.76	99.637	1	-149	0	996	49283480	-118.2224	33.99637	4
150	77.821	101.44	1	-150	0	997	49283522	-118.22179	34.01441	4
151	78.003	94.896	1	-151	0	1004	49213217	-118.21997	33.94896	4
152	78.559	94.837	1	-152	0	1013	49213242	-118.21441	33.94837	4
153	78.681	100.56	1	-153	0	1014	49283503	-118.21319	34.00558	4
154	78.71	99.374	1	-154	0	1015	49283373	-118.2129	33.99374	4
155	78.726	98.719	1	-155	0	1017	49283636	-118.21274	33.98719	4
156	78.742	98.236	1	-156	0	1018	705992441	-118.21258	33.98236	4
157	78.824	101.25	1	-157	0	1021	49283829	-118.21176	34.01245	4
158	79.02	92.734	1	-158	0	1023	49212665	-118.21052	33.92734	4
159	78.996	96.925	1	-159	0	1024	49213767	-118.21004	33.96925	4
160	79.058	91.689	1	-160	0	1026	298114956	-118.20942	33.91689	4
161	79.117	100.56	1	-161	0	1028	49283800	-118.20883	34.00563	4
162	79.14	96.326	1	-162	0	1031	49213734	-118.2086	33.96326	4
163	79.451	92.711	1	-163	0	1036	49212743	-118.20549	33.92711	4
164	79.587	98.31	1	-164	0	1042	298110283	-118.20413	33.9831	4
165	79.656	94.126	1	-165	0	1043	49213555	-118.20344	33.94126	4
166	79.659	91.689	1	-166	0	1044	49212617	-118.20281	33.92025	4
167	79.72	94.609	1	-167	0	1045	49213593	-118.2028	33.94609	4
168	79.809	95.061	1	-168	0	1047	49213675	-118.20191	33.95061	4
169	79.903	95.683	1	-169	0	1049	49213820	-118.20097	33.95683	4
170	79.907	92.381	1	-170	0	1050	49212803	-118.20093	33.92381	4
171	79.967	99.256	1	-171	0	1054	49283755	-118.20033	33.99256	4
172	79.985	96.234	1	-172	0	1055	49213836	-118.20015	33.96234	4
173	80.25	98.245	1	-173	0	1057	49283690	-118.1975	33.98245	4
174	80.62	94.02	1	-174	0	1059	49213658	-118.1938	33.9402	4
175	80.683	94.506	1	-175	0	1060	49213693	-118.19317	33.94506	4
176	80.745	98.601	1	-176	0	1062	49283773	-118.19255	33.98601	4
177	80.789	98.876	1	-177	0	1063	49286944	-118.19211	33.98876	4
178	80.799	91.034	1	-178	0	1064	298112772	-118.19201	33.91034	4
179	81.038	96.353	1	-179	0	1065	831944933	-118.18962	33.96353	4
180	81.247	91.602	1	-180	0	1068	49214648	-118.18753	33.91602	4
181	81.441	92.062	1	-181	0	1069	49214721	-118.18559	33.92062	4
182	81.513	91.431	2	-182	0	1070	19710002	-118.18487	33.91431	4
183	81.814	91.367	3	0	0	1071	295015895	-118.18186	33.91367	4
184	81.906	93.003	1	-184	0	1072	49214962	-118.18094	33.93003	4
185	81.93	98.96	1	-185	0	1073	49287094	-118.1807	33.9896	4
186	82.067	91.706	2	-186	0	1076	311853101	-118.17933	33.91706	4
187	82.093	91.702	3	0	0	1077	311853100	-118.17907	33.91702	4
188	82.106	96.244	1	-188	0	1078	49216336	-118.17894	33.96244	4
189	82.177	96.696	1	-189	0	1079	49216375	-118.17823	33.96696	4
190	82.181	94.094	1	-190	0	1080	49216093	-118.17819	33.94094	4
191	82.37	98.03	1	-191	0	1081	49287067	-118.1763	33.9803	4
192	83.097	92.997	1	-192	0	1085	838371158	-118.16903	33.92997	4
193	83.478	94.918	1	-193	0	1086	49216666	-118.16522	33.94918	4
194	83.515	98.615	1	-194	0	1087	49287636	-118.16485	33.98615	4
195	83.624	97.55	1	-195	0	1088	298114402	-118.16376	33.9755	4
196	83.69	96.768	1	-196	0	1090	298114410	-118.1631	33.96768	4
197	83.883	99.196	1	-197	0	1092	298377794	-118.16117	33.99196	4
198	67.839	92.564	1	-198	0	2697	49178651	-118.32161	33.92564	4
199	67.884	92.531	1	-199	0	2702	49178653	-118.32116	33.92531	4
200	68.175	101.08	1	-200	0	2720	49236837	-118.31825	34.01082	4
201	68.178	100.37	1	-201	0	2722	49236774	-118.31822	34.0037	4
202	68.181	101.83	1	-202	0	2723	49237971	-118.31819	34.01827	4
203	68.222	93.102	1	-203	0	2729	49178722	-118.31778	33.93102	4
204	68.224	95.997	1	-204	0	2730	49180117	-118.31776	33.95997	4
205	68.227	97.46	1	-205	0	2733	49180219	-118.31773	33.9746	4
206	68.228	94.546	1	-206	0	2736	49179767	-118.31772	33.94546	4
207	68.229	98.184	1	-207	0	2737	49236388	-118.31771	33.98184	4
208	68.234	102.55	1	-208	0	2744	49238008	-118.31766	34.02553	4
209	68.24	98.911	1	-209	0	2746	49236455	-118.3176	33.98911	4
210	68.614	99.322	1	-210	0	2779	49249286	-118.31386	33.99322	4
211	69.104	103.09	1	-211	0	2848	49250577	-118.30896	34.03086	4
212	69.976	103.27	1	-212	0	2943	49250687	-118.30024	34.03272	4
213	70.845	102.96	1	-213	0	3053	49251253	-118.29155	34.0296	4
214	71.602	103.17	1	-214	0	3139	49251499	-118.28398	34.0317	4
215	71.913	103.03	1	-215	0	3223	49251494	-118.28087	34.03032	4
216	72.508	102.99	1	-216	0	3368	49251560	-118.27492	34.02988	4
217	72.518	103.01	1	-217	0	3373	222604982	-118.27482	34.03006	4
218	72.537	103.15	1	-218	0	3376	49251586	-118.27463	34.0315	4
219	72.553	103.21	1	-219	0	3378	49251595	-118.27447	34.03212	4
220	72.564	103.08	1	-220	0	3382	49251573	-118.27436	34.03079	4
221	73.162	103.26	1	-221	0	3515	49253318	-118.26838	34.03262	4
222	73.534	103.1	1	-222	0	3574	49253316	-118.26466	34.03096	4
223	74.255	102.76	1	-223	0	3689	49253531	-118.25745	34.02762	4
224	74.638	102.58	1	-224	0	3770	49254384	-118.25362	34.02585	4
225	74.944	102.44	1	-225	0	3824	49254394	-118.25056	34.02442	4
226	75.597	102.08	1	-226	0	3946	49254422	-118.24403	34.02079	4
227	75.717	102.06	1	-227	0	3964	49254590	-118.24283	34.0206	4
228	76.046	102	1	-228	0	4020	49254602	-118.23954	34.01997	4
229	77.006	102.56	1	-229	0	4149	49284032	-118.22994	34.02562	4
230	77.995	101.73	1	-230	0	4259	49284336	-118.22005	34.01729	4
231	79.238	101.39	1	-231	0	4395	49283891	-118.20762	34.01391	4
232	82.648	100.34	1	-232	0	4510	49287373	-118.17352	34.00339	4
233	82.666	100.33	1	-233	0	4512	49287375	-118.17334	34.00334	4
234	83.225	100.3	1	-234	0	4547	49287735	-118.16775	34.00303	4
1	51.108	100.45	3	0	0	31	48847917	-118.48892	34.00451	5
2	51.415	100.67	1	-2	0	35	48848019	-118.48585	34.00669	5
3	51.9	99.706	1	-3	0	42	295020042	-118.481	33.99706	5
4	52.182	99.908	1	-4	0	50	48854809	-118.47818	33.99908	5
5	52.639	100.07	1	-5	0	57	48854884	-118.47361	34.00066	5
6	52.66	101.09	1	-6	0	60	48854988	-118.4734	34.01092	5
7	52.867	100.22	1	-7	0	66	48854907	-118.47133	34.00222	5
8	52.908	99.796	1	-8	0	68	48854869	-118.47092	33.99796	5
9	52.957	100.8	1	-9	0	69	48854978	-118.47043	34.00801	5
10	53.072	100.34	1	-10	0	72	48854919	-118.46928	34.00339	5
11	53.295	100.99	1	-11	0	78	48855137	-118.46705	34.00993	5
12	53.314	97.902	1	-12	0	79	48854407	-118.46686	33.97902	5
13	53.523	99.652	1	-13	0	83	48855009	-118.46477	33.99652	5
14	53.75	98.418	1	-14	0	87	48854560	-118.4625	33.98418	5
15	53.829	99.405	1	-15	0	88	48854756	-118.46171	33.99405	5
16	53.863	102	1	-16	0	89	48856146	-118.46137	34.01998	5
17	53.996	98.139	1	-17	0	91	48854570	-118.46004	33.98139	5
18	54.201	100.37	1	-18	0	93	48855577	-118.45799	34.00371	5
19	54.442	96.627	1	-19	0	96	48812382	-118.45558	33.96627	5
20	54.601	99.86	1	-20	0	98	48855569	-118.45399	33.9986	5
21	54.609	100.19	1	-21	0	99	48855586	-118.45391	34.00194	5
22	55.016	100.91	1	-22	0	107	48855723	-118.44984	34.00913	5
23	55.519	100.45	1	-23	0	114	48855776	-118.44481	34.00447	5
24	55.764	100.13	1	-24	0	118	48855806	-118.44236	34.00127	5
25	55.841	102.23	1	-25	0	120	48856887	-118.44159	34.02227	5
26	55.945	102.09	1	-26	0	121	48856879	-118.44055	34.02087	5
27	55.948	99.886	1	-27	0	122	48855800	-118.44052	33.99886	5
28	55.98	99.696	1	-28	0	124	48855791	-118.4402	33.99696	5
29	55.989	97.985	1	-29	0	125	48855459	-118.44011	33.97985	5
30	56.091	100.29	1	-30	0	130	48855819	-118.43909	34.00288	5
31	56.174	98.192	1	-31	0	133	48855479	-118.43826	33.98192	5
32	56.269	100.05	1	-32	0	135	48857800	-118.43731	34.00047	5
33	56.284	99.313	1	-33	0	136	48857566	-118.43716	33.99313	5
34	56.293	99.7	1	-34	0	137	48857792	-118.43707	33.997	5
35	56.354	102.8	1	-35	0	139	48859408	-118.43646	34.028	5
36	56.515	101.36	1	-36	0	144	48857910	-118.43485	34.01364	5
37	56.646	101.19	1	-37	0	148	48857906	-118.43354	34.01194	5
38	56.798	102.22	1	-38	0	152	48859389	-118.43202	34.02224	5
39	56.941	100.82	1	-39	0	155	48857928	-118.43059	34.00819	5
40	56.972	98.372	1	-40	0	156	48857546	-118.43028	33.98372	5
41	57.183	100.52	1	-41	0	161	48857879	-118.42817	34.00522	5
42	57.203	91.708	1	-42	0	164	834520839	-118.42797	33.91708	5
43	57.424	99.082	1	-43	0	168	48857728	-118.42576	33.99082	5
44	57.451	97.663	1	-44	0	169	48857616	-118.42549	33.97663	5
45	57.496	96.873	1	-45	0	170	233151260	-118.42504	33.96873	5
46	57.499	96.141	1	-46	0	171	48814120	-118.42501	33.96141	5
47	57.64	97.36	1	-47	0	174	233151244	-118.4236	33.9736	5
48	57.665	99.917	1	-48	0	175	48858015	-118.42335	33.99917	5
49	57.892	99.391	1	-49	0	184	48857768	-118.42108	33.99391	5
50	57.931	99.678	1	-50	0	185	48858046	-118.42069	33.99678	5
51	58.022	96.327	1	-51	0	187	48814183	-118.41978	33.96327	5
52	58.085	102.37	1	-52	0	188	48859732	-118.41915	34.02374	5
53	58.119	96.587	1	-53	0	189	48814245	-118.41881	33.96587	5
54	58.339	96.838	1	-54	0	196	222591372	-118.41661	33.96838	5
55	58.393	99.371	1	-55	0	198	48858361	-118.41607	33.99371	5
56	58.403	91.787	1	-56	0	199	48813293	-118.41597	33.91787	5
57	58.4	98.58	1	-57	0	200	48858247	-118.41576	33.98516	5
58	58.444	101.95	1	-58	0	202	48860262	-118.41556	34.01947	5
59	58.611	102.04	1	-59	0	207	48860270	-118.41389	34.02037	5
60	58.678	99.141	1	-60	0	209	48858366	-118.41322	33.99141	5
61	58.783	95.277	2	-61	0	210	48814532	-118.41217	33.95277	5
62	58.893	99.923	1	-62	0	211	48858906	-118.41107	33.99923	5
63	59.054	101.46	1	-63	0	215	48859080	-118.40946	34.0146	5
64	59.21	97.974	1	-64	0	220	298952027	-118.4079	33.97974	5
65	59.268	97.159	1	-65	0	223	48815139	-118.40732	33.97159	5
66	59.341	101.06	1	-66	0	225	48859209	-118.40659	34.01064	5
67	59.517	100.95	1	-67	0	228	48859210	-118.40483	34.00947	5
68	59.543	96.605	1	-68	0	229	48815301	-118.40457	33.96605	5
69	59.559	95.857	1	-69	0	230	48815166	-118.40441	33.95857	5
70	59.565	96.197	1	-70	0	231	48815201	-118.40435	33.96197	5
71	59.653	99.902	1	-71	0	233	48859120	-118.40347	33.99902	5
72	59.783	98.693	1	-72	0	234	48858660	-118.40217	33.98693	5
73	59.839	100.99	1	-73	0	236	48859274	-118.40161	34.00988	5
74	59.885	100.25	1	-74	0	238	48859184	-118.40115	34.00254	5
75	60.088	101.3	1	-75	0	244	48859297	-118.39912	34.01298	5
76	60.146	98.915	1	-76	0	245	48858797	-118.39854	33.98915	5
77	60.152	94.89	1	-77	0	246	48814931	-118.39848	33.9489	5
78	60.366	94.737	1	-78	0	250	49175630	-118.39634	33.94737	5
79	60.368	92.04	1	-79	0	251	834532307	-118.39632	33.9204	5
80	60.375	94.083	1	-80	0	252	49175469	-118.39625	33.94083	5
81	60.4	100.56	1	-81	0	253	49231915	-118.396	34.00555	5
82	60.459	101.84	1	-82	0	255	49233131	-118.39541	34.01838	5
83	60.557	100.66	1	-83	0	257	49232040	-118.39443	34.00655	5
84	60.625	99.115	1	-84	0	259	311859464	-118.39375	33.99115	5
85	60.663	96.674	1	-85	0	261	49176063	-118.39337	33.96674	5
86	60.711	102.17	1	-86	0	263	49233156	-118.39289	34.02169	5
87	60.76	100.3	1	-87	0	264	49231924	-118.3924	34.00303	5
88	60.793	94.558	1	-88	0	267	808765682	-118.39207	33.94558	5
89	61.247	93.223	2	-89	0	275	49174083	-118.38753	33.93223	5
90	61.277	101.59	1	-90	0	277	838706867	-118.38723	34.01588	5
91	61.376	96.787	1	-91	0	283	49176296	-118.38624	33.96787	5
92	61.876	99.061	1	-92	0	295	49231861	-118.38124	33.99061	5
93	61.899	98.786	1	-93	0	297	49231829	-118.38101	33.98786	5
94	61.96	94.943	1	-94	0	299	49175899	-118.3804	33.94943	5
95	62.12	95.835	1	-95	0	308	49176242	-118.3788	33.95835	5
96	62.122	96.35	1	-96	0	309	49176278	-118.37878	33.9635	5
97	62.157	91.998	1	-97	0	310	49174152	-118.37843	33.91998	5
98	62.944	91.286	2	-98	0	323	19710864	-118.37056	33.91286	5
99	62.967	91.175	3	0	0	324	49174475	-118.37033	33.91175	5
100	63.004	92.362	1	-100	0	326	49174818	-118.36996	33.92362	5
101	63.643	99.19	1	-101	0	346	49232733	-118.36357	33.9919	5
102	63.695	98.84	1	-102	0	347	111213334	-118.36305	33.9884	5
103	63.773	98.666	1	-103	0	351	49232715	-118.36227	33.98666	5
104	63.822	97.844	1	-104	0	352	49232584	-118.36178	33.97844	5
105	63.87	91.917	1	-105	0	354	838199686	-118.3613	33.91917	5
106	63.87	97.456	1	-106	0	355	49177334	-118.3613	33.97456	5
107	64.033	98.412	1	-107	0	361	49232674	-118.35967	33.98412	5
108	64.27	98.361	1	-108	0	373	49232694	-118.3573	33.98361	5
109	64.3	94.18	1	-109	0	375	49176789	-118.357	33.9418	5
110	64.3	94.908	1	-110	0	376	49176862	-118.357	33.94908	5
111	64.31	101.83	1	-111	0	377	49234460	-118.3569	34.01831	5
112	64.378	100.55	1	-112	0	381	49232967	-118.35622	34.00551	5
113	64.555	98.714	1	-113	0	386	49235048	-118.35445	33.98714	5
114	64.635	101.83	1	-114	0	389	49236865	-118.35365	34.01829	5
115	64.732	92.002	1	-115	0	392	49177667	-118.35268	33.92002	5
116	64.82	98.707	1	-116	0	394	49235071	-118.3518	33.98707	5
117	65.17	94.18	1	-117	0	412	49178803	-118.3483	33.9418	5
118	65.478	102.38	1	-118	0	423	49237174	-118.34522	34.02376	5
119	65.479	102.03	1	-119	0	424	49237161	-118.34521	34.02027	5
120	65.566	97.955	1	-120	0	431	49235229	-118.34434	33.97955	5
121	65.613	91.948	1	-121	0	434	49177927	-118.34387	33.91948	5
122	65.768	95.272	1	-122	0	445	811106712	-118.34232	33.95272	5
123	65.822	97.603	1	-123	0	446	49235239	-118.34178	33.97603	5
124	66.008	99.08	1	-124	0	460	49235393	-118.33992	33.9908	5
125	66.01	98.804	1	-125	0	461	49235380	-118.3399	33.98804	5
126	66.019	94.181	1	-126	0	462	49178931	-118.33981	33.94181	5
127	66.163	100.78	1	-127	0	466	337755567	-118.33837	34.00783	5
128	66.218	98.536	1	-128	0	468	49235384	-118.33782	33.98536	5
129	66.259	92.369	1	-129	0	470	49177971	-118.33741	33.92369	5
130	66.43	100.44	1	-130	0	474	49236040	-118.3357	34.0044	5
131	66.446	99.082	1	-131	0	475	49236273	-118.33554	33.99082	5
132	66.624	98.538	1	-132	0	478	49236252	-118.33376	33.98538	5
133	66.768	98.288	1	-133	0	480	49236215	-118.33232	33.98288	5
134	66.778	100.21	1	-134	0	481	49236562	-118.33222	34.00205	5
135	66.82	99.312	1	-135	0	482	837533024	-118.3318	33.99312	5
136	67.062	98.292	1	-136	0	492	49236239	-118.32938	33.98292	5
137	67.062	100	1	-137	0	493	49236597	-118.32938	34	5
138	67.143	92.9	1	-138	0	496	49178493	-118.32857	33.92633	5
139	67.189	101.41	1	-139	0	498	49236733	-118.32811	34.01405	5
140	67.348	91.969	1	-140	0	501	297522898	-118.32652	33.91969	5
141	67.35	97.974	1	-141	0	502	49236236	-118.3265	33.97974	5
142	67.351	98.179	1	-142	0	503	49236243	-118.32649	33.98179	5
143	67.637	99.499	1	-143	0	515	49236432	-118.32363	33.99499	5
144	67.64	100.18	1	-144	0	516	49236747	-118.3236	34.00184	5
145	67.642	100.44	1	-145	0	517	49236751	-118.32358	34.00442	5
146	67.647	98.724	1	-146	0	518	49236411	-118.32353	33.98724	5
147	67.759	92.371	1	-147	0	520	49178584	-118.32241	33.92371	5
148	67.786	96.817	1	-148	0	522	49180147	-118.32214	33.96817	5
149	67.898	95.273	1	-149	0	524	49179757	-118.32102	33.95273	5
150	68.069	101.46	1	-150	0	527	49236845	-118.31931	34.01457	5
151	68.075	100	1	-151	0	528	49236766	-118.31925	34.00003	5
152	68.133	98.548	1	-152	0	531	49236444	-118.31867	33.98548	5
153	68.22	92.855	1	-153	0	536	49178703	-118.3178	33.92855	5
154	68.287	100	1	-154	0	538	49236768	-118.31713	34.00002	5
155	68.291	101.46	1	-155	0	539	49236852	-118.31709	34.01462	5
156	68.33	98.549	1	-156	0	540	49236450	-118.3167	33.98549	5
157	68.442	95.272	1	-157	0	543	49179799	-118.31558	33.95272	5
158	68.614	99.242	1	-158	0	546	49249282	-118.31386	33.99242	5
159	68.615	99.504	1	-159	0	547	49249288	-118.31385	33.99504	5
160	68.661	96.819	1	-160	0	550	49188165	-118.31339	33.96819	5
161	50.967	100.75	1	-161	0	1201	48847847	-118.49033	34.0075	5
162	51.272	100.96	1	-162	0	1213	48848018	-118.48728	34.00964	5
163	51.705	101.23	1	-163	0	1233	48848112	-118.48295	34.01231	5
164	52.577	101.69	1	-164	0	1289	48855955	-118.47423	34.01694	5
165	53.344	102.1	1	-165	0	1370	48856114	-118.46656	34.02104	5
166	54.779	102.72	1	-166	0	1446	48856686	-118.45221	34.02718	5
167	55.101	102.79	1	-167	0	1462	48856725	-118.44899	34.02788	5
168	55.679	102.84	1	-168	0	1510	48856925	-118.44321	34.02844	5
169	56.858	102.63	1	-169	0	1578	48859394	-118.43142	34.02625	5
170	57.134	102.74	1	-170	0	1611	48859613	-118.42866	34.02736	5
171	57.201	102.44	1	-171	0	1619	48859692	-118.42799	34.02438	5
172	57.33	102.24	1	-172	0	1623	48859691	-118.4267	34.0224	5
173	58.618	102.76	1	-173	0	1702	48860345	-118.41382	34.02757	5
174	59.147	102.64	1	-174	0	1753	48860458	-118.40853	34.0264	5
175	59.639	102.91	1	-175	0	1792	48860627	-118.40361	34.02909	5
176	60.744	102.71	1	-176	0	1922	49233250	-118.39256	34.02706	5
177	60.978	102.6	1	-177	0	1940	49233205	-118.39022	34.02598	5
178	62.792	102.65	1	-178	0	2128	49234205	-118.37208	34.02653	5
179	64.49	102.49	1	-179	0	2333	49236884	-118.3551	34.02492	5
180	66.489	102.56	1	-180	0	2563	49237787	-118.33511	34.02558	5
181	67.522	102.56	1	-181	0	2672	49237964	-118.32478	34.02559	5
182	68.232	103.26	1	-182	0	2742	49238078	-118.31768	34.03264	5
183	69.033	92.54	1	-183	0	2812	295010716	-118.30967	33.9254	5
184	69.086	93.102	1	-184	0	2826	311844162	-118.30914	33.93102	5
185	69.097	94.545	1	-185	0	2841	49187962	-118.30903	33.94545	5
186	69.099	95.997	1	-186	0	2843	49188150	-118.30901	33.95997	5
187	69.102	97.457	1	-187	0	2845	49188222	-118.30898	33.97457	5
188	69.104	98.189	1	-188	0	2847	49249248	-118.30896	33.98189	5
189	69.105	98.915	1	-189	0	2849	49249301	-118.30895	33.98915	5
190	69.106	99.325	1	-190	0	2851	49249314	-118.30894	33.99325	5
191	69.107	100.37	1	-191	0	2853	49249485	-118.30893	34.00372	5
192	69.107	101.08	1	-192	0	2854	49249526	-118.30893	34.01085	5
193	69.108	101.83	1	-193	0	2855	49250506	-118.30892	34.01826	5
194	69.111	102.56	1	-194	0	2858	49250532	-118.30889	34.02555	5
195	70.328	92.848	1	-195	0	2973	49186623	-118.29672	33.92848	5
